STATIONS_ID;MESS_DATUM;QN_3;  FX;  FM;QN_4; RSK;RSKF; SDK;SHK_TAG;  NM; VPM;  PM; TMK; UPM; TXK; TNK; TGK;eor
       1975;20190907;   10;   6.9;   2.5;    3;   0.2;   6;    6.750;   0;   6.7;  12.2; 1015.40;   14.0;   76.63;   18.1;   11.3;    8.0;eor
       1975;20190908;   10;   5.1;   1.5;    3;   0.0;   6;    6.533;   0;   5.6;  12.6; 1016.21;   14.4;   78.50;   19.2;    9.4;    8.1;eor
       1975;20190909;   10;   6.2;   2.1;    3;   3.7;   6;    2.333;   0;   7.3;  13.3; 1012.03;   13.8;   84.96;   17.9;    9.3;    8.3;eor
       1975;20190910;   10;  12.9;   4.7;    3;   0.0;   6;    4.233;   0;   4.8;  12.7; 1013.11;   14.4;   78.38;   19.0;   11.0;    6.9;eor
       1975;20190911;   10;  15.1;   5.7;    3;   3.5;   6;    6.900;   0;   4.6;  12.4; 1017.42;   14.5;   76.88;   20.3;    8.9;    5.7;eor
       1975;20190912;   10;  10.5;   3.6;    3;   0.5;   6;    5.983;   0;   5.5;  14.6; 1022.67;   16.7;   77.88;   20.6;   13.2;   10.7;eor
       1975;20190913;   10;  13.2;   4.8;    3;   0.6;   6;    5.483;   0;   5.4;  13.2; 1027.55;   15.9;   73.00;   19.0;    8.1;    4.6;eor
       1975;20190914;   10;   6.7;   1.7;    3;   0.0;   0;    9.683;   0;   3.9;  10.6; 1030.47;   12.7;   74.83;   18.6;    6.5;    2.9;eor
       1975;20190915;   10;  12.7;   4.2;    3;   1.5;   6;    2.500;   0;   6.8;  12.2; 1018.15;   13.7;   76.75;   17.9;    9.4;    6.1;eor
       1975;20190916;   10;  11.1;   3.4;    3;   0.1;   6;    4.117;   0;   5.6;  11.3; 1016.67;   12.9;   77.46;   16.2;    9.5;    5.6;eor
       1975;20190917;   10;  22.8;   5.6;    3;   4.7;   6;    3.750;   0;   4.8;  10.4; 1013.77;   11.3;   78.00;   14.3;    8.5;    5.3;eor
       1975;20190918;   10;  14.9;   5.0;    3;   0.0;   6;    7.050;   0;   3.6;   9.0; 1021.23;   11.6;   67.00;   15.5;    8.4;    5.4;eor
       1975;20190919;   10;   9.8;   3.1;    3;   0.0;   6;    6.867;   0;   4.4;   9.8; 1026.47;   10.9;   76.50;   15.8;    5.3;    1.7;eor
       1975;20190920;   10;   7.4;   2.3;    3;   0.0;   6;    0.083;   0;   6.5;  11.6; 1026.05;   12.2;   81.46;   16.4;    5.2;    2.3;eor
       1975;20190921;   10;   5.7;   1.9;    3;   0.0;   0;   10.183;   0;   2.8;  13.0; 1019.71;   15.5;   75.13;   22.1;   10.5;    6.6;eor
       1975;20190922;   10;   9.1;   3.0;    3;   0.0;   0;   11.233;   0;   0.7;  11.2; 1010.85;   16.4;   63.33;   24.5;    8.5;    5.4;eor
       1975;20190923;   10;   8.4;   2.9;    3;   0.0;   6;    9.817;   0;   5.6;  12.7; 1011.29;   15.6;   72.08;   21.0;    9.6;    6.7;eor
       1975;20190924;   10;   6.7;   2.3;    3;   0.3;   6;    3.267;   0;   6.6;  14.6; 1009.40;   16.1;   80.75;   20.4;   12.5;    9.4;eor
       1975;20190925;   10;   7.2;   2.2;    3;   4.9;   6;    0.000;   0;   7.7;  14.7; 1004.00;   13.9;   92.21;   15.4;   12.5;   10.1;eor
       1975;20190926;   10;   9.1;   3.5;    3;   9.3;   6;    0.000;   0;   7.7;  15.2; 1006.59;   14.7;   90.71;   18.6;   11.2;   11.4;eor
       1975;20190927;   10;  11.8;   3.9;    3;   1.7;   6;    1.800;   0;   6.6;  14.8; 1005.11;   15.6;   83.54;   18.9;   13.6;   11.1;eor
       1975;20190928;   10;  14.2;   6.8;    3;   1.4;   6;    3.433;   0;   6.3;  13.3; 1004.95;   15.3;   76.88;   18.4;   13.3;   12.1;eor
       1975;20190929;   10;  11.7;   6.0;    3;  31.1;   6;    0.000;   0;   7.9;  14.7;  996.90;   13.9;   92.33;   15.4;   13.1;   12.6;eor
       1975;20190930;   10;  19.5;   6.2;    3;  10.2;   6;    2.683;   0;   6.7;  13.5;  998.12;   13.6;   86.50;   16.2;   11.5;   10.4;eor
       1975;20191001;   10;   7.7;   2.7;    3;  12.2;   6;    0.033;   0;   7.7;  12.2;  998.23;   10.7;   94.00;   12.8;    8.3;    7.2;eor
       1975;20191002;   10;  11.8;   3.7;    3;   4.3;   6;    7.250;   0;   4.6;   9.9; 1003.31;    9.5;   83.58;   12.8;    6.6;    4.8;eor
       1975;20191003;   10;   7.2;   2.7;    3;   0.0;   0;    3.317;   0;   3.9;   9.6; 1011.91;    8.6;   86.00;   13.4;    5.7;    3.8;eor
       1975;20191004;   10;   7.2;   3.7;    3;   5.4;   6;    0.000;   0;   7.3;  10.6; 1007.00;    8.9;   92.67;   11.0;    6.4;    4.2;eor
       1975;20191005;   10;  10.1;   3.4;    3;   0.2;   6;    7.333;   0;   3.5;   9.2; 1015.16;    8.5;   83.38;   13.3;    3.8;    1.5;eor
       1975;20191006;   10;  10.1;   3.7;    3;   0.0;   0;    4.783;   0;   4.6;   8.0; 1018.40;    6.7;   81.50;   10.9;    1.9;   -0.6;eor
       1975;20191007;   10;   7.0;   2.4;    3;   4.1;   6;    8.217;   0;   4.0;   6.9; 1017.35;    6.8;   72.04;   11.8;   -0.2;   -3.6;eor
       1975;20191008;   10;  11.5;   4.4;    3;   2.5;   6;    1.167;   0;   6.1;  12.0; 1002.57;   11.4;   87.96;   15.9;    7.8;    6.9;eor
       1975;20191009;   10;  11.1;   5.1;    3;   0.9;   6;    1.317;   0;   6.5;  11.4; 1001.70;   11.5;   84.75;   14.7;    8.4;    7.0;eor
       1975;20191010;   10;  19.5;   5.3;    3;   3.5;   6;    4.483;   0;   4.9;  10.6; 1005.67;   10.0;   86.46;   14.1;    8.0;    6.1;eor
       1975;20191011;   10;  15.6;   8.1;    3;   1.5;   6;    0.000;   0;   7.8;  13.0; 1005.45;   13.1;   85.50;   15.3;   10.7;    9.7;eor
       1975;20191012;   10;  15.3;   4.2;    3;   3.1;   6;    0.000;   0;   7.9;  13.0; 1006.22;   12.5;   89.63;   15.9;   10.6;   10.3;eor
       1975;20191013;   10;  13.4;   3.6;    3;   4.7;   6;    0.900;   0;   7.1;  15.6; 1007.00;   15.1;   89.58;   20.7;   10.8;   10.6;eor
       1975;20191014;   10;  11.3;   3.7;    3;   0.0;   6;    5.067;   0;   5.3;  13.2; 1010.78;   14.9;   78.21;   17.6;   12.4;   10.7;eor
       1975;20191015;   10;   5.7;   2.2;    3;  21.2;   6;    7.900;   0;   6.0;  14.4; 1004.63;   15.1;   84.33;   21.0;   11.4;    8.9;eor
       1975;20191016;   10;  11.0;   3.4;    3;   4.0;   6;    1.950;   0;   6.6;  13.8; 1005.77;   13.1;   91.08;   14.7;   10.3;    7.2;eor
       1975;20191017;   10;   9.9;   4.0;    3;   2.5;   6;    0.383;   0;   7.5;  14.4; 1007.47;   13.8;   91.33;   15.8;   12.2;   10.1;eor
       1975;20191018;   10;  14.4;   5.8;    3;   1.7;   6;    2.183;   0;   5.3;  12.7; 1004.29;   13.6;   81.38;   17.7;   10.5;    8.7;eor
       1975;20191019;   10;  11.8;   4.8;    3;   1.8;   6;    0.150;   0;   7.1;  11.4; 1004.41;   12.1;   80.08;   15.1;    9.4;    7.2;eor
       1975;20191020;   10;   7.5;   1.7;    3;  10.6;   6;    0.000;   0;   7.5;  12.4; 1008.68;   11.2;   92.79;   14.2;    8.7;    6.1;eor
       1975;20191021;   10;  10.1;   3.3;    3;   0.0;   6;    0.567;   0;   6.4;  13.8; 1014.98;   12.8;   92.42;   16.0;   10.9;    8.3;eor
       1975;20191022;   10;   9.4;   3.6;    3;   0.0;   0;    1.900;   0;   6.3;  11.7; 1020.56;   11.9;   84.17;   14.7;    9.7;    6.2;eor
       1975;20191023;   10;   7.2;   3.0;    3;   0.0;   0;    4.717;   0;   4.9;  11.7; 1016.50;   11.5;   86.58;   15.0;    7.9;    5.0;eor
       1975;20191024;   10;   9.8;   4.3;    3;   0.0;   6;    0.500;   0;   7.0;  13.9; 1006.96;   13.5;   89.50;   15.6;   12.4;   10.4;eor
       1975;20191025;   10;  15.3;   5.9;    3;   0.1;   6;    2.450;   0;   6.8;  11.8; 1013.24;   14.0;   74.00;   15.4;   12.4;   10.5;eor
       1975;20191026;   10;  16.5;   8.8;    3;   2.2;   6;    5.317;   0;   6.8;  12.6; 1008.35;   16.2;   67.92;   18.4;   13.8;   12.5;eor
       1975;20191027;   10;  16.8;   6.4;    3;   0.9;   6;    5.617;   0;   5.2;   9.7; 1012.32;   11.1;   72.92;   17.2;    7.8;    6.2;eor
       1975;20191028;   10;  10.8;   3.5;    3;   1.7;   6;    4.867;   0;   3.1;   9.3; 1018.00;    8.0;   86.79;   11.8;    2.4;   -0.8;eor
       1975;20191029;   10;   6.7;   1.7;    3;   0.0;   0;    8.867;   0;   1.4;   6.6; 1024.52;    3.7;   84.67;   10.0;   -1.6;   -3.2;eor
       1975;20191030;   10;   3.6;   1.0;    3;   0.0;   0;    8.783;   0;   1.9;   5.9; 1028.72;    2.3;   83.63;    9.1;   -3.0;   -5.2;eor
       1975;20191031;   10;   5.7;   2.1;    3;   0.0;   0;    8.650;   0;   3.9;   5.6; 1024.77;    2.2;   80.25;    7.9;   -2.7;   -5.1;eor
       1975;20191101;   10;   9.8;   4.4;    3;   4.2;   6;    1.667;   0;   6.2;   6.3; 1007.86;    2.3;   85.79;    5.8;   -1.6;   -5.3;eor
       1975;20191102;   10;  13.7;   4.2;    3;   8.1;   6;    0.783;   0;   6.3;  11.6;  988.11;   10.3;   92.08;   15.1;    5.8;    5.6;eor
       1975;20191103;   10;   7.7;   3.3;    3;   4.3;   6;    0.383;   0;   7.0;  11.1;  985.87;   10.7;   85.67;   13.0;    8.4;    6.8;eor
       1975;20191104;   10;   7.9;   2.5;    3;   4.1;   6;    1.717;   0;   7.2;  11.5;  986.93;   10.4;   90.88;   12.5;    8.6;    7.1;eor
       1975;20191105;   10;   5.7;   1.6;    3;  10.4;   6;    0.000;   0;   7.3;  10.8;  993.10;    8.9;   94.58;   10.5;    6.9;    6.5;eor
       1975;20191106;   10;   4.6;   1.5;    3;   0.1;   6;    0.000;   0;   7.5;   9.2;  998.55;    6.7;   93.29;    8.0;    4.3;    1.7;eor
       1975;20191107;   10;   8.4;   3.3;    3;   2.2;   6;    0.017;   0;   6.8;   8.4; 1000.00;    5.3;   93.88;    8.5;    0.8;   -0.9;eor
       1975;20191108;   10;   6.2;   2.1;    3;   0.0;   6;    5.667;   0;   4.6;   8.3; 1005.10;    6.0;   88.63;   10.2;    2.0;   -0.8;eor
       1975;20191109;   10;   6.5;   1.7;    3;   0.2;   6;    1.417;   0;   5.8;   8.1; 1005.68;    5.1;   91.88;    9.2;    2.3;   -0.4;eor
       1975;20191110;   10;   7.2;   2.6;    3;   0.0;   0;    7.967;   0;   2.6;   6.9; 1010.60;    4.3;   84.29;    8.5;    0.0;   -2.9;eor
       1975;20191111;   10;  10.8;   5.0;    3;   0.0;   0;    3.617;   0;   5.3;   6.5; 1005.88;    2.7;   87.54;    5.6;   -0.2;   -2.9;eor
       1975;20191112;   10;  12.3;   5.4;    3;   0.0;   6;    0.600;   0;   6.1;   7.0;  999.51;    5.7;   76.42;    8.0;    2.5;    0.5;eor
       1975;20191113;   10;  12.3;   4.8;    3;   0.0;   6;    0.917;   0;   5.4;   7.0;  998.34;    4.1;   85.33;    6.7;    1.3;   -1.1;eor
       1975;20191114;   10;   8.7;   3.4;    3;   0.0;   0;    5.800;   0;   4.4;   7.2; 1005.18;    4.6;   84.50;    7.9;    1.4;   -1.0;eor
       1975;20191115;   10;  12.9;   5.4;    3;   0.0;   6;    0.000;   0;   7.8;   7.6; 1004.77;    5.3;   85.25;    7.8;    2.8;    1.4;eor
       1975;20191116;   10;  11.3;   4.2;    3;  14.8;   6;    0.000;   0;   6.9;   8.3; 1003.92;    5.5;   91.54;    7.1;    2.4;   -0.9;eor
       1975;20191117;   10;   8.6;   2.9;    3;   2.0;   6;    1.667;   0;   5.5;   7.1; 1010.85;    3.7;   88.21;    7.1;   -0.5;   -3.6;eor
       1975;20191118;   10;  11.3;   3.7;    3;   3.3;   6;    0.000;   0;   8.0;   9.2; 1002.52;    7.1;   90.63;    7.9;    5.6;    4.9;eor
       1975;20191119;   10;  13.0;   5.8;    3;   0.2;   6;    0.683;   0;   6.7;   8.6; 1009.30;    6.6;   87.96;    9.1;    3.9;    1.9;eor
       1975;20191120;   10;   3.6;   1.3;    3;   2.0;   6;    0.000;   0;   8.0;   7.8; 1016.85;    4.1;   94.79;    4.9;    3.5;    3.3;eor
       1975;20191121;   10;   5.8;   2.4;    3;   0.8;   6;    0.000;   0;   7.8;   8.6; 1010.37;    5.4;   95.08;    8.1;    1.3;   -0.4;eor
       1975;20191122;   10;  10.6;   4.2;    3;   0.0;   6;    3.200;   0;   6.7;   8.8; 1006.97;    6.9;   88.92;    8.6;    5.1;    3.5;eor
       1975;20191123;   10;  12.3;   5.9;    3;   0.0;   0;    2.650;   0;   7.4;   8.7; 1005.58;    7.4;   83.79;    8.6;    5.5;    4.1;eor
       1975;20191124;   10;  11.8;   5.5;    3;   0.0;   0;    0.000;   0;   8.0;   7.7; 1008.41;    5.0;   88.17;    5.9;    4.2;    4.1;eor
       1975;20191125;   10;   9.8;   4.0;    3;   0.1;   6;    0.000;   0;   8.0;   8.2; 1009.24;    5.2;   92.58;    5.5;    4.9;    4.9;eor
       1975;20191126;   10;   6.7;   3.9;    3;   0.0;   6;    0.083;   0;   7.8;   8.9; 1003.19;    6.5;   91.83;    8.4;    4.5;    4.3;eor
       1975;20191127;   10;  11.5;   4.5;    3;   1.5;   6;    0.000;   0;   7.0;   9.7;  991.27;    8.0;   89.63;    8.7;    7.1;    5.8;eor
       1975;20191128;   10;  14.2;   6.7;    3;   4.7;   6;    0.000;   0;   7.7;  10.3;  984.60;    9.1;   89.21;   10.4;    6.8;    4.9;eor
       1975;20191129;   10;  13.9;   4.6;    3;   0.0;   0;    6.483;   0;   2.3;   5.9; 1002.37;    3.7;   73.79;    6.9;   -1.4;   -5.2;eor
       1975;20191130;   10;   7.0;   2.5;    3;   0.3;   6;    4.633;   0;   3.0;   6.7; 1018.75;    3.0;   89.00;    6.3;    0.3;   -3.0;eor
       1975;20191201;   10;   4.6;   1.4;    3;   0.0;   6;    0.000;   0;   7.8;   6.9; 1019.93;    1.9;   97.38;    3.0;    0.2;   -1.8;eor
       1975;20191202;   10;   8.1;   3.2;    3;   0.0;   6;    1.433;   0;   4.7;   7.0; 1019.28;    3.9;   87.25;    6.7;    1.7;   -0.7;eor
       1975;20191203;   10;  11.0;   3.4;    3;   0.1;   6;    0.150;   0;   7.2;   8.1; 1022.79;    5.6;   88.58;    7.8;    1.9;   -0.8;eor
       1975;20191204;   10;   8.7;   3.9;    3;   0.0;   6;    0.000;   0;   6.4;   7.6; 1019.75;    4.9;   87.79;    6.4;    1.2;   -2.1;eor
       1975;20191205;   10;  12.9;   4.3;    3;   0.7;   6;    6.267;   0;   4.0;   6.2; 1015.00;    2.0;   88.25;    4.2;   -2.8;   -4.8;eor
       1975;20191206;   10;  14.4;   8.5;    3;   5.3;   6;    0.000;   0;   8.0;   8.3; 1002.52;    5.5;   91.54;    7.8;    2.7;    2.1;eor
       1975;20191207;   10;  15.8;   6.2;    3;   4.0;   6;    0.000;   0;   7.4;   9.9; 1002.70;    8.3;   90.08;    9.0;    7.5;    6.5;eor
       1975;20191208;   10;  18.9;   8.2;    3;   3.8;   6;    0.000;   0;   6.9;   9.0;  995.13;    8.4;   81.04;   10.1;    5.9;    4.4;eor
       1975;20191209;   10;  14.1;   5.8;    3;   0.5;   6;    0.433;   0;   5.4;   7.6;  996.24;    6.1;   80.58;    7.6;    4.0;    0.7;eor
       1975;20191210;   10;  11.8;   4.6;    3;   0.1;   6;    3.467;   0;   3.9;   6.3; 1016.29;    4.0;   76.79;    6.1;    1.1;   -1.7;eor
       1975;20191211;   10;  15.3;   5.2;    3;   5.3;   6;    0.000;   0;   7.9;   7.4; 1005.00;    5.2;   84.04;    6.7;    4.1;    2.9;eor
       1975;20191212;   10;  10.8;   4.7;    3;   0.0;   6;    0.000;   0;   6.7;   7.5;  996.70;    4.4;   89.38;    5.7;    2.5;    0.8;eor
       1975;20191213;   10;  11.7;   5.7;    3;   2.1;   8;    0.100;   0;   5.0;   5.8;  981.00;    1.6;   83.92;    2.9;    0.7;   -0.6;eor
       1975;20191214;   10;  14.7;   6.1;    3;   0.7;   6;    0.833;   0;   6.9;   7.1;  983.52;    4.5;   84.21;    6.2;    1.2;    0.9;eor
       1975;20191215;   10;  20.7;   7.8;    3;   1.5;   6;    3.700;   0;   5.0;   7.0;  994.12;    6.3;   73.67;    8.9;    1.9;   -0.3;eor
       1975;20191216;   10;   9.3;   4.3;    3;   0.0;   6;    0.033;   0;   5.8;   7.8; 1003.83;    6.3;   81.33;    8.5;    3.6;    1.0;eor
       1975;20191217;   10;  12.0;   4.1;    3;   2.8;   6;    2.383;   0;   6.5;   9.4;  999.92;    9.5;   79.71;   13.4;    5.1;    2.7;eor
       1975;20191218;   10;  18.3;   4.3;    3;   0.0;   6;    0.300;   0;   6.0;   8.5; 1012.02;    6.6;   86.92;   10.9;    3.2;   -0.3;eor
       1975;20191219;   10;  10.8;   5.2;    3;   0.0;   0;    5.900;   0;   5.0;   8.3; 1010.04;    6.8;   83.96;   10.9;    2.5;   -1.0;eor
       1975;20191220;   10;  10.3;   4.9;    3;   6.6;   6;    2.400;   0;   7.1;   8.5;  991.22;    6.8;   86.38;    9.5;    4.3;    3.4;eor
       1975;20191221;   10;   8.4;   4.0;    3;   0.0;   0;    3.883;   0;   5.0;   8.4;  988.51;    6.8;   84.63;    9.5;    3.4;    1.2;eor
       1975;20191222;   10;   7.5;   4.1;    3;   3.0;   6;    0.000;   0;   7.1;   7.4;  984.80;    4.4;   88.08;    5.6;    3.3;    1.8;eor
       1975;20191223;   10;  10.3;   4.2;    3;   1.3;   6;    0.150;   0;   7.0;   8.9;  998.48;    7.0;   88.21;    8.4;    5.1;    3.0;eor
       1975;20191224;   10;   9.6;   3.4;    3;   7.1;   6;    0.000;   0;   7.6;   8.3; 1005.76;    5.7;   90.75;    7.1;    2.6;    1.3;eor
       1975;20191225;   10;   6.7;   2.1;    3;   1.7;   6;    0.000;   0;   7.5;   8.1; 1013.68;    5.1;   92.21;    7.1;    2.6;    2.3;eor
       1975;20191226;   10;   6.7;   2.5;    3;   0.0;   6;    0.117;   0;   6.4;   7.9; 1021.25;    4.7;   92.00;    6.4;    1.5;   -1.4;eor
       1975;20191227;   10;   7.7;   2.1;    3;   0.0;   0;    0.000;   0;   6.0;   6.1; 1029.78;    2.1;   85.83;    4.0;   -3.1;   -6.1;eor
       1975;20191228;   10;   7.5;   2.3;    3;   0.0;   0;    1.233;   0;   6.0;   4.8; 1039.85;   -1.2;   85.79;    1.1;   -5.2;   -7.3;eor
       1975;20191229;   10;   8.2;   3.5;    3;   0.0;   0;    0.133;   0;   5.4;   4.7; 1034.50;    0.6;   75.25;    4.3;   -3.2;   -5.8;eor
       1975;20191230;   10;   9.6;   5.0;    3;   0.0;   6;    4.017;   0;   4.5;   4.1; 1023.93;    5.9;   44.83;    8.7;    3.5;    1.5;eor
       1975;20191231;   10;  11.7;   4.4;    3;   0.0;   0;    4.150;   0;   4.0;   7.7; 1027.65;    5.8;   83.83;    8.2;    1.5;   -2.2;eor
       1975;20200101;   10;   6.5;   2.0;    3;   0.0;   0;    2.650;   0;   5.1;   5.8; 1030.35;    0.0;   94.79;    3.6;   -3.3;   -6.5;eor
       1975;20200102;   10;  11.1;   4.4;    3;   0.0;   6;    2.633;   0;   7.0;   5.7; 1022.76;   -0.2;   93.96;    4.0;   -1.9;   -2.3;eor
       1975;20200103;   10;  12.3;   6.0;    3;   6.6;   6;    0.000;   0;   7.2;   8.5; 1012.84;    5.9;   90.92;    8.3;    4.0;    1.6;eor
       1975;20200104;   10;  20.9;   5.7;    3;   3.9;   6;    0.233;   0;   4.6;   7.0; 1019.70;    4.7;   80.96;    7.5;    1.3;   -1.5;eor
       1975;20200105;   10;   8.2;   3.5;    3;   0.2;   6;    1.033;   0;   6.1;   7.0; 1029.33;    4.0;   84.96;    6.0;   -0.4;   -3.2;eor
       1975;20200106;   10;   9.1;   4.5;    3;   0.2;   6;    0.050;   0;   7.0;   7.8; 1022.46;    5.3;   87.13;    6.7;    1.7;   -0.5;eor
       1975;20200107;   10;  13.9;   5.0;    3;   0.1;   6;    0.483;   0;   7.0;   7.8; 1019.89;    5.6;   85.00;    8.0;    0.7;   -1.9;eor
       1975;20200108;   10;  12.9;   5.2;    3;   1.2;   6;    0.000;   0;   7.6;   9.9; 1017.41;    8.4;   89.46;   10.4;    6.8;    5.7;eor
       1975;20200109;   10;  13.5;   4.8;    3;   8.4;   6;    0.000;   0;   7.7;  11.4; 1010.49;    9.7;   94.13;   11.5;    6.5;    5.2;eor
       1975;20200110;   10;  14.4;   6.0;    3;   0.2;   6;    0.133;   0;   7.2;   9.4; 1011.80;    8.0;   85.13;   11.5;    4.0;    1.6;eor
       1975;20200111;   10;  14.6;   5.8;    3;   0.0;   6;    2.083;   0;   6.0;   6.7; 1024.70;    4.3;   81.29;    6.1;    0.7;   -1.7;eor
       1975;20200112;   10;  14.6;   7.9;    3;   3.8;   6;    0.000;   0;   7.9;   8.0; 1014.75;    6.1;   84.79;    8.1;    4.8;    4.5;eor
       1975;20200113;   10;  16.6;   4.8;    3;   1.0;   6;    1.033;   0;   5.9;   8.1; 1014.32;    6.0;   86.71;    7.7;    3.1;    0.7;eor
       1975;20200114;   10;  18.0;   8.3;    3;   1.7;   6;    0.000;   0;   7.8;   9.3; 1002.61;    9.1;   80.42;   12.0;    5.2;    4.1;eor
       1975;20200115;   10;  20.4;   9.2;    3;   1.0;   6;    3.917;   0;   5.8;   9.1; 1007.00;   11.5;   67.75;   13.9;    5.5;    3.3;eor
       1975;20200116;   10;   8.7;   4.6;    3;   0.0;   0;    4.967;   0;   4.3;   7.9; 1022.17;    5.9;   85.04;    8.8;    3.7;    2.0;eor
       1975;20200117;   10;  12.0;   5.1;    3;   1.3;   6;    6.183;   0;   5.3;   8.5; 1013.95;    7.6;   81.42;   11.5;    3.6;    0.9;eor
       1975;20200118;   10;  13.9;   5.7;    3;   0.1;   6;    0.283;   0;   6.0;   7.0; 1018.13;    4.8;   81.71;    7.7;    1.4;   -0.9;eor
       1975;20200119;   10;  10.8;   2.9;    3;   0.2;   6;    5.817;   0;   1.9;   6.4; 1032.72;    3.1;   84.58;    7.3;   -2.7;   -5.3;eor
       1975;20200120;   10;   7.9;   2.9;    3;   0.0;   0;    0.000;   0;   6.3;   7.4; 1042.60;    4.2;   90.04;    7.3;   -0.8;   -3.5;eor
       1975;20200121;   10;  11.3;   4.4;    3;   0.0;   6;    0.317;   0;   6.8;   7.1; 1036.87;    4.1;   86.54;    5.3;    1.6;   -0.4;eor
       1975;20200122;   10;   9.8;   4.0;    3;   0.0;   6;    2.667;   0;   7.2;   8.1; 1031.43;    6.0;   86.75;    7.9;    4.6;    4.3;eor
       1975;20200123;   10;   7.2;   2.5;    3;   0.0;   6;    0.000;   0;   6.3;   7.2; 1029.65;    5.0;   82.08;    6.5;    0.3;   -3.1;eor
       1975;20200124;   10;   7.7;   3.5;    3;   0.3;   6;    0.000;   0;   8.0;   6.6; 1020.24;    1.6;   95.79;    2.5;    0.4;    0.4;eor
       1975;20200125;   10;   7.2;   3.7;    3;   0.0;   6;    0.000;   0;   8.0;   6.9; 1018.56;    2.6;   93.67;    3.4;    1.4;    1.5;eor
       1975;20200126;   10;   8.9;   4.4;    3;   0.3;   6;    0.083;   0;   7.3;   6.3; 1014.75;    1.7;   91.04;    3.2;    0.3;    0.3;eor
       1975;20200127;   10;  11.5;   5.0;    3;   3.3;   6;    0.000;   0;   7.6;   8.5; 1003.74;    6.0;   89.92;    8.0;    2.5;    1.5;eor
       1975;20200128;   10;  16.1;   6.3;    3;  13.3;   8;    0.000;   0;   7.5;   7.6;  988.16;    4.7;   88.04;    6.9;    0.3;    0.0;eor
       1975;20200129;   10;  14.2;   5.8;    3;  29.5;   8;    0.000;   0;   6.5;   7.0;  997.68;    3.5;   89.50;    5.0;    1.3;    0.2;eor
       1975;20200130;   10;  15.8;   7.1;    3;   3.1;   6;    0.000;   0;   7.9;   8.6; 1000.11;    6.7;   87.33;    8.9;    3.5;    2.5;eor
       1975;20200131;   10;  16.6;   7.0;    3;   1.2;   6;    0.783;   0;   7.7;   9.7;  999.70;    9.8;   79.96;   12.2;    8.3;    7.4;eor
       1975;20200201;   10;  17.3;   6.7;    3;   6.4;   6;    0.000;   0;   7.4;  10.5;  997.28;   10.5;   82.04;   12.3;    8.2;    6.4;eor
       1975;20200202;   10;  15.9;   3.9;    3;   4.8;   6;    0.000;   0;   7.6;   8.4; 1002.46;    6.2;   88.67;    8.3;    4.6;    3.8;eor
       1975;20200203;   10;  11.0;   4.4;    3;   2.5;   6;    0.133;   0;   7.5;   8.9; 1003.45;    7.0;   88.13;    9.0;    4.9;    3.8;eor
       1975;20200204;   10;  12.3;   5.1;    3;   2.2;   6;    1.700;   0;   5.8;   6.9; 1006.76;    4.6;   81.38;    6.7;    2.5;    0.4;eor
       1975;20200205;   10;   9.8;   3.3;    3;   0.0;   6;    7.350;   0;   3.3;   5.6; 1029.25;    2.8;   74.96;    6.6;   -3.1;   -5.6;eor
       1975;20200206;   10;   8.9;   4.0;    3;   0.0;   6;    0.000;   0;   7.2;   7.4; 1026.93;    5.5;   82.13;    6.7;    3.4;    1.4;eor
       1975;20200207;   10;  11.3;   3.7;    3;   0.0;   6;    0.000;   0;   7.8;   7.6; 1026.48;    5.5;   84.83;    6.5;    4.4;    3.0;eor
       1975;20200208;   10;   9.1;   4.8;    3;   0.1;   6;    3.367;   0;   4.9;   6.8; 1018.02;    5.4;   75.08;    8.6;    0.7;   -1.0;eor
       1975;20200209;   10;  25.9;  10.3;    3;  15.2;   6;    0.000;   0;   7.0;   8.5;  998.30;    9.5;   72.04;   13.3;    6.1;    4.9;eor
       1975;20200210;   10;  24.5;   8.9;    3;  13.4;   8;    0.967;   0;   7.0;   7.6;  984.05;    6.1;   79.88;    8.7;    1.1;    0.2;eor
       1975;20200211;   10;  21.6;   8.8;    3;   9.3;   8;    0.000;   0;   6.9;   6.4;  991.00;    3.5;   82.04;    5.7;    1.2;    0.3;eor
       1975;20200212;   10;  19.4;   8.6;    3;   4.6;   6;    1.150;   0;   6.5;   6.3; 1002.15;    3.5;   80.38;    5.1;    1.8;    0.5;eor
       1975;20200213;   10;  12.2;   5.4;    3;   5.6;   8;    0.000;   0;   6.0;   6.4; 1003.91;    2.7;   85.96;    4.4;    0.7;   -1.1;eor
       1975;20200214;   10;   7.2;   2.1;    3;   0.5;   6;    0.217;   0;   7.5;   7.2; 1013.55;    4.2;   87.38;    6.4;    1.7;    0.9;eor
       1975;20200215;   10;  16.5;   6.6;    3;   0.0;   6;    3.967;   0;   6.8;   8.0; 1013.53;    8.3;   72.92;   11.4;    4.3;    2.6;eor
       1975;20200216;   10;  24.2;  11.1;    3;   5.9;   8;    0.000;   0;   7.6;  10.2;  997.24;   12.5;   70.67;   17.4;    7.8;    7.4;eor
       1975;20200217;   10;  19.2;   8.8;    3;   2.0;   6;    5.017;   0;   4.5;   7.2; 1005.18;    7.8;   68.92;   10.3;    4.7;    3.6;eor
       1975;20200218;   10;  16.8;   7.5;    3;   1.7;   6;    1.417;   0;   6.3;   7.2; 1011.44;    6.3;   76.04;    7.9;    4.7;    2.9;eor
       1975;20200219;   10;  15.6;   6.4;    3;   4.3;   6;    1.983;   0;   6.4;   7.3; 1009.90;    5.4;   81.58;    7.1;    1.6;   -0.5;eor
       1975;20200220;   10;  20.4;   6.4;    3;   6.8;   6;    0.067;   0;   7.3;   8.1; 1009.05;    5.9;   86.08;    8.8;    1.2;   -1.2;eor
       1975;20200221;   10;  17.3;   6.8;    3;   2.5;   6;    0.867;   0;   7.2;   7.3; 1014.86;    5.8;   79.79;    8.0;    3.6;    1.8;eor
       1975;20200222;   10;  20.9;   9.3;    3;   5.1;   6;    0.000;   0;   7.5;   7.8; 1009.42;    7.7;   74.67;    9.1;    5.3;    3.7;eor
       1975;20200223;   10;  20.9;   6.1;    3;  14.2;   6;    0.000;   0;   7.3;   7.3; 1006.49;    5.3;   82.25;    7.7;    2.9;    1.6;eor
       1975;20200224;   10;  12.9;   5.5;    3;  17.8;   8;    0.000;   0;   6.9;   7.6; 1008.39;    5.0;   86.71;    9.7;    0.5;    0.0;eor
       1975;20200225;   10;  20.6;   7.9;    3;   1.8;   8;    3.067;   0;   5.0;   7.0;  991.45;    5.8;   74.67;    9.7;    2.1;   -0.6;eor
       1975;20200226;   10;  14.2;   3.7;    3;   0.6;   8;    2.450;   0;   4.5;   6.2;  992.28;    2.8;   83.38;    6.7;   -0.5;   -3.1;eor
       1975;20200227;   10;   9.1;   3.7;    3;   1.9;   8;    1.100;   0;   7.3;   6.3;  998.44;    3.2;   82.63;    5.7;    1.8;    0.3;eor
       1975;20200228;   10;  13.0;   5.2;    3;   9.3;   8;    6.767;   0;   5.8;   6.3; 1007.31;    4.2;   77.63;    8.3;    1.1;   -0.3;eor
       1975;20200229;   10;  26.4;   7.1;    3;   3.9;   6;    2.033;   0;   6.5;   8.2;  990.11;    7.1;   81.29;   13.0;    1.4;    0.7;eor
       1975;20200301;   10;  19.2;   7.3;    3;   0.3;   6;    2.783;   0;   5.7;   6.6;  989.54;    6.0;   71.04;    9.9;    3.1;   -0.4;eor
       1975;20200302;   10;   8.9;   3.6;    3;   2.7;   6;    6.300;   0;   6.6;   7.1;  990.32;    6.3;   74.00;   10.3;    2.7;   -1.5;eor
       1975;20200303;   10;   9.6;   3.4;    3;   3.2;   6;    2.717;   0;   5.6;   7.1;  997.58;    5.4;   79.54;    8.6;    1.2;   -2.6;eor
       1975;20200304;   10;   8.7;   3.1;    3;   0.4;   8;    1.633;   0;   5.4;   6.9; 1006.08;    3.8;   85.71;    7.0;   -0.3;   -3.1;eor
       1975;20200305;   10;  10.6;   3.7;    3;   0.8;   6;    4.533;   0;   5.3;   6.7;  999.10;    5.3;   76.50;    9.4;   -0.8;   -3.0;eor
       1975;20200306;   10;  10.3;   4.7;    3;   3.4;   6;    0.000;   0;   8.0;   7.0;  993.53;    4.6;   83.42;    6.9;    3.6;    2.9;eor
       1975;20200307;   10;  10.3;   4.3;    3;   0.0;   0;    4.917;   0;   4.9;   6.5; 1011.30;    4.4;   78.42;    8.0;    1.6;   -2.2;eor
       1975;20200308;   10;  14.9;   6.1;    3;   0.7;   6;    2.417;   0;   7.4;   8.2; 1009.02;    8.4;   74.08;   11.8;    5.5;    4.3;eor
       1975;20200309;   10;   9.9;   4.0;    3;   3.3;   6;    1.967;   0;   6.6;   8.8; 1007.36;    7.5;   84.67;   11.7;    4.4;    1.3;eor
       1975;20200310;   10;  17.0;   6.8;    3;  11.3;   6;    0.000;   0;   7.8;   9.8;  998.60;    8.2;   89.13;   11.3;    5.0;    3.6;eor
       1975;20200311;   10;  17.5;   6.5;    3;   2.0;   6;    9.383;   0;   3.9;   8.1; 1004.01;    9.5;   68.79;   12.8;    5.9;    3.7;eor
       1975;20200312;   10;  29.2;   8.0;    3;   1.2;   8;    3.667;   0;   5.4;   7.4; 1001.20;    7.6;   69.63;   10.9;    3.4;    1.7;eor
       1975;20200313;   10;  20.6;   7.9;    3;   4.8;   6;    1.567;   0;   5.0;   6.6; 1007.95;    5.1;   75.08;    8.3;   -0.4;   -3.4;eor
       1975;20200314;   10;  12.0;   4.2;    3;   0.0;   0;   10.733;   0;   2.4;   5.5; 1020.49;    3.4;   71.92;    8.4;   -3.1;   -5.8;eor
       1975;20200315;   10;  14.2;   6.6;    3;   0.0;   0;    4.650;   0;   6.3;   7.0; 1012.73;    9.4;   59.54;   14.2;    3.4;    1.7;eor
       1975;20200316;   10;  10.1;   3.8;    3;   0.0;   0;    5.667;   0;   4.3;   7.9; 1016.60;    8.5;   71.63;   11.6;    1.4;   -1.9;eor
       1975;20200317;   10;  11.8;   3.5;    3;   0.0;   6;    4.417;   0;   5.3;   7.0; 1024.44;    7.2;   71.29;   12.3;   -0.5;   -3.3;eor
       1975;20200318;   10;  12.2;   4.7;    3;   1.8;   6;    1.650;   0;   6.7;   8.7; 1021.67;    9.9;   70.42;   12.8;    6.4;    2.2;eor
       1975;20200319;   10;   5.7;   2.1;    3;   0.0;   6;    2.667;   0;   7.0;   8.1; 1024.02;    7.4;   78.96;   11.4;    3.4;    1.7;eor
       1975;20200320;   10;   8.2;   3.1;    3;   0.0;   6;    0.267;   0;   6.0;   6.8; 1026.48;    6.1;   72.13;    9.2;    0.8;   -1.2;eor
       1975;20200321;   10;  14.6;   4.9;    3;   0.0;   0;    7.983;   0;   2.1;   4.6; 1031.48;    3.1;   61.67;    7.9;   -0.3;   -2.5;eor
       1975;20200322;   10;  12.5;   4.9;    3;   0.0;   0;   11.117;   0;   1.1;   3.9; 1035.45;    2.8;   53.71;    7.0;   -1.6;   -4.2;eor
       1975;20200323;   10;  12.3;   4.6;    3;   0.0;   0;   11.450;   0;   0.8;   3.2; 1036.53;    2.4;   46.92;    7.3;   -3.3;   -8.2;eor
       1975;20200324;   10;  12.7;   5.1;    3;   0.0;   0;    9.783;   0;   3.6;   3.1; 1033.39;    3.9;   39.38;    8.9;   -1.4;   -6.2;eor
       1975;20200325;   10;  10.3;   4.2;    3;   0.0;   0;   11.617;   0;   3.7;   3.1; 1029.82;    4.9;   37.00;   11.4;   -2.2;   -7.6;eor
       1975;20200326;   10;  11.0;   4.6;    3;   0.0;   0;   11.600;   0;   0.2;   4.0; 1026.33;    4.9;   47.75;   10.6;   -1.4;   -5.9;eor
       1975;20200327;   10;  10.5;   4.4;    3;   0.0;   0;   11.333;   0;   0.2;   5.6; 1023.28;    6.9;   58.92;   14.6;    0.5;   -3.7;eor
       1975;20200328;   10;   9.8;   3.6;    3;   2.0;   8;    9.900;   0;   2.3;   6.0; 1020.78;    7.0;   61.83;   12.3;   -0.1;   -3.8;eor
       1975;20200329;   10;  15.8;   5.8;    3;   1.9;   7;    5.233;   1;   4.1;   4.3; 1026.68;    2.2;   61.17;    5.7;   -3.9;   -7.8;eor
       1975;20200330;   10;  10.5;   2.9;    3;   3.3;   8;    3.050;   1;   4.1;   5.1; 1025.69;    2.0;   72.46;    8.7;   -4.4;   -8.2;eor
       1975;20200331;   10;   7.4;   2.0;    3;   0.1;   8;    9.033;   0;   1.8;   4.4; 1028.17;    1.9;   64.63;    7.6;   -5.1;   -7.6;eor
       1975;20200401;   10;  11.7;   4.6;    3;   0.0;   6;    0.350;   0;   7.0;   6.3; 1017.34;    4.9;   72.33;    8.9;   -2.3;   -4.6;eor
       1975;20200402;   10;  15.4;   6.1;    3;   1.8;   6;    1.567;   0;   7.3;   7.1; 1007.23;    7.1;   71.42;   10.4;    4.9;    3.0;eor
       1975;20200403;   10;  16.5;   5.3;    3;   0.2;   8;    6.700;   0;   4.1;   5.8; 1011.13;    5.3;   65.25;    9.2;    0.2;   -3.9;eor
       1975;20200404;   10;   9.3;   2.9;    3;   0.0;   0;    6.800;   0;   2.8;   6.2; 1022.74;    6.3;   67.25;   13.5;   -0.6;   -4.9;eor
       1975;20200405;   10;  13.2;   5.4;    3;   0.0;   0;   12.250;   0;   0.8;   6.2; 1024.49;   10.4;   50.92;   17.1;    1.8;   -3.1;eor
       1975;20200406;   10;  11.0;   4.0;    3;   0.0;   0;   12.400;   0;   0.0;   6.9; 1019.18;   13.6;   45.92;   22.6;    5.6;    2.0;eor
       1975;20200407;   10;   8.2;   3.1;    3;   0.0;   0;   10.017;   0;   3.3;   8.5; 1029.13;   12.3;   62.13;   17.6;    8.1;    2.8;eor
       1975;20200408;   10;   9.3;   3.6;    3;   0.0;   0;   11.167;   0;   4.8;   8.7; 1024.38;   13.6;   56.00;   22.2;    7.1;    2.1;eor
       1975;20200409;   10;  11.3;   3.4;    3;   0.0;   0;   10.483;   0;   3.5;   8.1; 1023.37;    9.8;   68.17;   16.0;    2.1;   -1.3;eor
       1975;20200410;   10;   9.3;   3.0;    3;   0.0;   0;   12.167;   0;   6.0;   6.5; 1026.02;    6.1;   71.25;   12.7;   -2.3;   -4.4;eor
       1975;20200411;   10;   6.5;   2.1;    3;   0.0;   0;   12.050;   0;   5.9;   6.5; 1023.63;    9.4;   60.00;   17.7;   -1.0;   -3.3;eor
       1975;20200412;   10;  10.8;   3.5;    3;   0.0;   0;   12.850;   0;   2.5;   7.8; 1012.77;   13.6;   51.08;   21.6;    5.4;    0.6;eor
       1975;20200413;   10;  17.7;   8.1;    3;   0.0;   8;   10.733;   0;   3.5;   4.9; 1015.85;    6.3;   51.67;   10.5;    2.7;   -0.2;eor
       1975;20200414;   10;  13.7;   4.8;    3;   0.0;   6;    6.283;   0;   4.6;   5.5; 1021.35;    5.2;   63.58;    9.3;   -2.0;   -6.9;eor
       1975;20200415;   10;  12.7;   5.1;    3;   0.0;   0;    9.833;   0;   4.5;   7.2; 1019.89;    9.2;   62.50;   15.3;    4.7;    1.8;eor
       1975;20200416;   10;   9.4;   3.6;    3;   0.0;   0;    9.317;   0;   6.8;   8.0; 1016.11;    9.3;   69.33;   15.9;    2.5;   -1.8;eor
       1975;20200417;   10;   7.5;   2.3;    3;   0.0;   0;   13.067;   0;   2.2;   6.4; 1017.23;    8.5;   61.42;   15.8;    0.2;   -3.2;eor
       1975;20200418;   10;  10.8;   4.2;    3;   0.0;   0;   13.200;   0;   1.0;   5.5; 1017.62;    9.3;   49.25;   15.8;    2.1;   -0.4;eor
       1975;20200419;   10;  14.2;   5.0;    3;   0.0;   0;   13.383;   0;   0.6;   5.4; 1022.24;    8.3;   52.13;   13.9;    2.5;   -0.9;eor
       1975;20200420;   10;  13.7;   5.5;    3;   0.0;   0;   13.450;   0;   0.6;   5.7; 1025.03;    9.4;   50.38;   16.0;    1.3;   -1.9;eor
       1975;20200421;   10;  15.3;   7.0;    3;   0.0;   0;   13.483;   0;   0.2;   6.4; 1024.80;   11.2;   49.46;   17.0;    4.7;    3.2;eor
       1975;20200422;   10;  12.5;   5.2;    3;   0.0;   0;   13.550;   0;   0.0;   7.7; 1024.91;   11.0;   60.42;   17.4;    4.7;    1.8;eor
       1975;20200423;   10;   9.9;   2.4;    3;   0.0;   0;   13.467;   0;   2.6;   7.7; 1020.06;   13.2;   55.21;   21.2;    3.5;    0.2;eor
       1975;20200424;   10;  15.1;   5.5;    3;   0.0;   0;   11.783;   0;   4.2;   8.0; 1009.00;   11.1;   62.21;   17.5;    6.5;    3.7;eor
       1975;20200425;   10;  11.0;   3.8;    3;   0.0;   0;   11.083;   0;   2.8;   7.7; 1010.00;   10.3;   63.42;   16.6;    5.0;    1.8;eor
       1975;20200426;   10;   9.1;   2.4;    3;   0.0;   0;    7.567;   0;   2.7;   7.2; 1010.11;    7.3;   72.33;   12.6;    1.8;   -3.0;eor
       1975;20200427;   10;   8.4;   2.2;    3;   0.0;   0;   11.333;   0;   3.7;   7.6; 1005.73;   12.4;   57.54;   20.2;    2.3;   -2.1;eor
       1975;20200428;   10;   9.6;   3.1;    3;   1.2;   6;    6.717;   0;   7.0;   8.6; 1003.48;   11.3;   65.58;   16.3;    7.7;    6.2;eor
       1975;20200429;   10;   7.5;   3.0;    3;   4.1;   6;    0.100;   0;   6.6;  10.6; 1002.47;    9.7;   87.88;   13.6;    6.6;    1.9;eor
       1975;20200430;   10;  13.5;   4.0;    3;   6.0;   8;    3.333;   0;   6.6;  10.9;  998.79;   11.5;   80.83;   15.8;    7.4;    4.1;eor
       1975;20200501;   10;  13.4;   4.7;    3;   1.2;   6;    4.133;   0;   6.5;   9.7;  997.54;   10.2;   78.54;   14.5;    6.5;    4.8;eor
       1975;20200502;   10;  11.5;   4.8;    3;   1.1;   6;    2.567;   0;   5.9;   9.3; 1003.01;   10.0;   76.38;   13.6;    7.3;    5.2;eor
       1975;20200503;   10;   9.3;   3.4;    3;   0.0;   6;    2.150;   0;   6.2;   9.2; 1013.83;   10.1;   75.25;   14.8;    5.6;    2.1;eor
       1975;20200504;   10;  11.8;   3.9;    3;   0.0;   0;   11.050;   0;   3.0;   7.4; 1016.77;    8.8;   67.63;   14.2;    3.5;    1.4;eor
       1975;20200505;   10;  10.1;   3.5;    3;   0.0;   6;    9.933;   0;   1.8;   6.4; 1019.38;    8.2;   62.38;   14.0;    1.3;   -1.5;eor
       1975;20200506;   10;  13.4;   4.2;    3;   0.0;   0;   14.100;   0;   2.4;   7.1; 1022.47;    8.4;   67.13;   14.3;    0.7;   -3.3;eor
       1975;20200507;   10;  12.0;   4.3;    3;   0.0;   0;    6.633;   0;   6.0;   8.5; 1020.95;   10.1;   69.83;   15.1;    4.0;    0.2;eor
       1975;20200508;   10;  10.6;   2.2;    3;   0.0;   6;   12.350;   0;   5.0;   8.0; 1016.79;   11.0;   66.13;   19.3;    1.7;   -1.2;eor
       1975;20200509;   10;   5.8;   1.3;    3;   0.0;   0;    8.650;   0;   3.6;   9.9; 1012.76;   15.2;   61.21;   23.0;    5.8;    1.9;eor
       1975;20200510;   10;  12.0;   3.3;    3;   1.0;   6;    8.733;   0;   4.9;   9.2; 1005.17;   15.9;   53.33;   24.2;    6.6;    4.9;eor
       1975;20200511;   10;  14.6;   5.3;    3;   0.0;   6;    5.200;   0;   4.6;   5.7; 1009.92;    7.5;   56.83;   11.6;    3.5;   -0.1;eor
       1975;20200512;   10;  15.9;   4.0;    3;   3.6;   6;    5.150;   0;   5.4;   7.2; 1013.08;    6.8;   73.04;   10.6;    2.2;   -1.8;eor
       1975;20200513;   10;   9.3;   3.0;    3;   2.1;   6;    4.183;   0;   5.5;   7.9; 1011.02;    7.1;   78.92;   11.5;    3.5;    1.4;eor
       1975;20200514;   10;  12.9;   3.8;    3;   0.0;   0;   10.067;   0;   1.8;   6.2; 1017.42;    7.1;   63.96;   12.2;    1.4;   -1.5;eor
       1975;20200515;   10;  14.4;   4.1;    3;   1.6;   6;    5.100;   0;   4.2;   7.8; 1017.96;    7.2;   77.50;   12.7;   -0.4;   -3.9;eor
       1975;20200516;   10;  12.2;   4.5;    3;   0.0;   6;    6.100;   0;   5.5;   8.4; 1018.10;   10.7;   66.92;   15.9;    5.8;    4.0;eor
       1975;20200517;   10;  12.2;   4.7;    3;   0.0;   6;    6.683;   0;   5.2;   9.2; 1019.05;   11.9;   67.75;   17.2;    6.2;    3.8;eor
       1975;20200518;   10;  11.7;   4.2;    3;   0.6;   6;    0.133;   0;   7.3;  10.7; 1018.37;   13.8;   68.33;   17.0;   11.1;   10.0;eor
       1975;20200519;   10;  11.5;   4.4;    3;   0.0;   6;    7.567;   0;   5.0;  11.7; 1018.61;   13.9;   75.46;   19.0;    7.4;    3.8;eor
       1975;20200520;   10;   6.7;   2.0;    3;   0.0;   0;   12.200;   0;   3.3;   9.4; 1021.42;   13.4;   63.92;   20.0;    4.4;    0.9;eor
       1975;20200521;   10;   9.8;   2.7;    3;   0.0;   0;    9.317;   0;   4.3;  10.0; 1021.53;   15.8;   58.08;   22.0;    8.0;    4.9;eor
       1975;20200522;   10;  11.3;   3.9;    3;   7.1;   6;    1.733;   0;   7.1;  12.3; 1016.56;   16.6;   66.08;   22.2;   12.2;   10.6;eor
       1975;20200523;   10;  14.2;   3.8;    3;   0.5;   6;    5.350;   0;   5.9;  11.3; 1017.13;   13.2;   75.33;   17.0;    8.6;    6.1;eor
       1975;20200524;   10;  15.6;   5.5;    3;   4.4;   6;    4.600;   0;   5.6;  10.8; 1021.07;   12.2;   76.04;   16.0;    8.5;    6.8;eor
       1975;20200525;   10;  11.8;   5.6;    3;   0.0;   6;    2.717;   0;   6.4;  10.4; 1028.13;   12.0;   74.50;   15.2;    8.5;    5.3;eor
       1975;20200526;   10;   6.2;   2.0;    3;   0.0;   0;    6.650;   0;   5.8;  11.3; 1033.43;   13.5;   75.17;   20.3;    8.2;    5.1;eor
       1975;20200527;   10;   9.3;   3.1;    3;   0.0;   0;    9.717;   0;   4.7;  10.4; 1031.13;   14.2;   66.08;   19.7;    7.0;    2.9;eor
       1975;20200528;   10;   9.6;   3.1;    3;   0.0;   0;   13.567;   0;   2.2;   9.0; 1030.56;   13.2;   62.38;   20.0;    5.3;    0.7;eor
       1975;20200529;   10;   7.2;   1.8;    3;   0.0;   0;   13.083;   0;   1.3;   8.9; 1027.73;   14.7;   58.21;   21.9;    5.1;    0.5;eor
       1975;20200530;   10;  11.1;   3.1;    3;   0.0;   0;   11.883;   0;   2.3;   8.9; 1024.65;   15.2;   55.00;   21.2;    7.5;    3.5;eor
       1975;20200531;   10;  14.6;   4.3;    3;   0.0;   0;   10.550;   0;   4.9;  10.1; 1023.68;   14.7;   62.17;   20.2;    8.2;    4.7;eor
       1975;20200601;   10;  11.1;   4.3;    3;   0.0;   0;   15.200;   0;   1.9;   9.6; 1023.38;   16.4;   53.33;   22.6;    8.9;    4.6;eor
       1975;20200602;   10;   8.2;   1.7;    3;   0.0;   0;   14.567;   0;   5.2;  10.2; 1016.14;   19.1;   49.92;   26.6;    9.0;    4.6;eor
       1975;20200603;   10;  11.3;   3.1;    3;   9.0;   6;    9.267;   0;   6.7;  12.9; 1003.36;   18.2;   65.17;   26.4;   12.8;   10.8;eor
       1975;20200604;   10;  12.7;   3.3;    3;   4.4;   6;    1.333;   0;   7.5;  13.6;  992.65;   14.5;   82.42;   20.6;   11.1;   10.7;eor
       1975;20200605;   10;  20.9;   5.6;    3;   5.7;   6;    6.117;   0;   5.7;   9.9;  990.50;   11.9;   72.71;   18.0;    8.1;    6.7;eor
       1975;20200606;   10;  13.9;   5.5;    3;   0.4;   6;    9.133;   0;   3.9;   9.4;  996.66;   11.5;   70.38;   16.2;    6.8;    5.4;eor
       1975;20200607;   10;  16.3;   4.9;    3;   0.1;   6;    5.250;   0;   5.0;  10.2; 1004.01;   13.2;   67.92;   18.2;    9.1;    7.0;eor
       1975;20200608;   10;   7.2;   1.8;    3;   0.0;   0;    5.817;   0;   6.0;  11.4; 1011.95;   14.0;   72.54;   19.1;    8.3;    5.9;eor
       1975;20200609;   10;   8.1;   2.9;    3;   0.0;   0;    6.733;   0;   4.6;  11.1; 1016.37;   14.4;   68.42;   19.5;    9.3;    8.2;eor
       1975;20200610;   10;  11.7;   3.5;    3;   6.3;   6;    9.017;   0;   6.3;  11.6; 1014.70;   16.3;   64.42;   21.3;   10.4;    9.3;eor
       1975;20200611;   10;  10.1;   4.1;    3;   1.2;   6;    0.100;   0;   8.0;  15.2; 1011.13;   15.5;   86.00;   18.0;   14.0;   13.6;eor
       1975;20200612;   10;   9.8;   4.2;    3;   4.9;   6;    7.133;   0;   5.4;  16.8; 1010.12;   18.0;   81.79;   24.3;   14.1;   14.1;eor
       1975;20200613;   10;  13.4;   4.1;    3;  12.2;   6;    2.517;   0;   7.3;  18.1; 1010.89;   17.6;   90.17;   21.5;   15.0;   14.9;eor
       1975;20200614;   10;  10.1;   3.6;    3;   0.0;   6;    2.933;   0;   6.3;  16.4; 1012.12;   17.3;   83.75;   23.0;   13.4;   12.5;eor
       1975;20200615;   10;   8.2;   3.3;    3;   0.0;   0;   14.417;   0;   1.3;  13.2; 1013.72;   18.2;   65.13;   24.7;   11.8;    9.5;eor
       1975;20200616;   10;   7.2;   1.9;    3;   0.0;   0;   15.183;   0;   3.9;  12.2; 1012.63;   19.2;   57.54;   25.7;   10.6;    7.9;eor
       1975;20200617;   10;   8.2;   2.2;    3;   0.0;   0;   14.950;   0;   3.6;  13.3; 1010.44;   20.8;   58.58;   28.1;   10.7;    7.7;eor
       1975;20200618;   10;   8.2;   3.1;    3;   0.1;   6;   10.683;   0;   5.3;  16.2; 1009.15;   19.7;   70.96;   25.2;   13.7;   12.1;eor
       1975;20200619;   10;  11.5;   4.2;    3;   0.0;   6;    2.367;   0;   7.3;  16.4; 1011.88;   17.8;   80.63;   20.1;   15.4;   14.5;eor
       1975;20200620;   10;  12.7;   5.1;    3;   0.0;   0;   10.633;   0;   6.3;  13.8; 1016.82;   17.8;   68.88;   22.7;   13.2;   10.8;eor
       1975;20200621;   10;   8.1;   2.5;    3;   0.0;   0;   14.383;   0;   3.5;  12.8; 1017.67;   18.3;   63.79;   24.7;    9.5;    5.9;eor
       1975;20200622;   10;  11.8;   4.4;    3;   0.0;   0;   13.917;   0;   2.5;  13.1; 1020.85;   18.8;   62.04;   23.5;   10.6;    6.4;eor
       1975;20200623;   10;   8.6;   2.5;    3;   0.0;   0;   15.667;   0;   2.1;  11.6; 1024.04;   18.2;   59.17;   24.5;    8.5;    3.5;eor
       1975;20200624;   10;   9.9;   3.1;    3;   0.0;   0;   15.767;   0;   2.3;  13.6; 1023.80;   20.5;   59.63;   27.0;   11.3;    9.1;eor
       1975;20200625;   10;  10.5;   4.4;    3;   0.0;   6;   11.167;   0;   2.4;  17.9; 1019.94;   22.3;   67.63;   29.0;   15.8;   14.6;eor
       1975;20200626;   10;  10.8;   3.9;    3;   0.0;   0;   13.333;   0;   1.1;  16.7; 1013.09;   24.4;   57.54;   30.6;   16.8;   13.7;eor
       1975;20200627;   10;  10.1;   3.0;    3;   3.8;   6;    9.533;   0;   3.6;  18.8; 1007.22;   23.7;   66.88;   30.6;   17.6;   14.4;eor
       1975;20200628;   10;  11.5;   3.3;    3;   4.4;   6;    3.033;   0;   6.4;  16.7; 1009.18;   18.3;   80.00;   22.1;   13.2;    9.6;eor
       1975;20200629;   10;  14.6;   4.6;    3;   0.1;   6;   10.233;   0;   4.9;  11.7; 1007.98;   17.8;   59.96;   23.1;   11.5;    8.4;eor
       1975;20200630;   10;  16.6;   6.4;    3;   1.4;   6;    0.183;   0;   7.5;  12.3; 1004.30;   15.3;   71.17;   17.1;   12.3;   12.3;eor
       1975;20200701;   10;  11.8;   3.9;    3;   9.4;   6;    4.617;   0;   7.0;  15.6; 1003.27;   16.7;   82.17;   22.4;   12.4;   11.9;eor
       1975;20200702;   10;   7.9;   2.6;    3;  13.5;   6;    1.417;   0;   6.8;  16.3; 1007.11;   15.9;   90.13;   21.4;   13.3;   11.7;eor
       1975;20200703;   10;  15.8;   3.9;    3;   0.4;   6;    3.817;   0;   6.5;  14.7; 1012.05;   16.9;   77.21;   21.0;   13.0;   11.9;eor
       1975;20200704;   10;  13.5;   5.9;    3;   5.0;   6;    0.000;   0;   7.8;  16.2; 1009.48;   16.6;   84.96;   17.6;   14.4;   13.9;eor
       1975;20200705;   10;  18.2;   6.2;    3;   2.1;   6;    3.900;   0;   6.4;  16.8; 1004.91;   18.0;   81.00;   22.7;   13.4;   12.3;eor
       1975;20200706;   10;  15.8;   6.1;    3;   6.5;   6;    7.783;   0;   4.9;  12.3; 1008.37;   13.7;   78.67;   17.4;   11.2;    9.5;eor
       1975;20200707;   10;  13.4;   4.5;    3;   0.3;   6;    6.450;   0;   5.4;  11.5; 1014.95;   13.6;   75.00;   19.1;   10.2;    8.5;eor
       1975;20200708;   10;   9.6;   3.4;    3;   0.3;   6;    5.183;   0;   6.4;  11.3; 1013.20;   13.9;   71.88;   18.0;    8.9;    7.2;eor
       1975;20200709;   10;   9.1;   2.2;    3;  24.7;   6;    0.000;   0;   7.7;  12.9; 1011.05;   11.9;   91.88;   14.1;    8.9;    7.5;eor
       1975;20200710;   10;  11.7;   4.0;    3;   5.2;   6;    2.150;   0;   6.3;  12.9; 1009.04;   12.8;   87.38;   15.8;    8.7;    5.9;eor
       1975;20200711;   10;  12.2;   4.1;    3;   1.5;   6;   10.100;   0;   2.7;  11.2; 1020.43;   13.5;   74.29;   18.7;    7.9;    5.9;eor
       1975;20200712;   10;   9.9;   3.2;    3;   0.0;   0;   11.250;   0;   2.6;  11.1; 1025.15;   14.4;   70.33;   19.9;    7.1;    3.6;eor
       1975;20200713;   10;   8.6;   2.2;    3;   0.0;   0;   14.033;   0;   4.4;  11.6; 1021.32;   15.7;   68.08;   21.8;    7.5;    3.4;eor
       1975;20200714;   10;   8.2;   2.5;    3;   6.9;   6;    2.983;   0;   6.9;  14.1; 1012.68;   15.6;   80.75;   20.9;   11.3;    8.0;eor
       1975;20200715;   10;  10.3;   2.7;    3;   0.0;   6;    6.783;   0;   5.9;  13.5; 1011.16;   16.2;   74.92;   20.3;   12.3;   10.5;eor
       1975;20200716;   10;   7.7;   2.0;    3;   0.0;   0;    6.433;   0;   5.3;  12.3; 1014.77;   16.0;   69.75;   20.9;   10.7;    8.3;eor
       1975;20200717;   10;   6.9;   1.8;    3;   0.0;   0;   12.633;   0;   2.4;  12.5; 1018.14;   17.0;   67.54;   23.7;    9.1;    5.9;eor
       1975;20200718;   10;   6.7;   2.1;    3;   0.0;   0;    9.900;   0;   5.5;  14.1; 1017.56;   19.7;   63.83;   26.0;   12.1;    9.4;eor
       1975;20200719;   10;  11.1;   3.4;    3;   0.1;   6;    5.050;   0;   6.9;  16.4; 1013.53;   20.9;   67.75;   27.1;   14.4;   12.0;eor
       1975;20200720;   10;  12.2;   4.3;    3;   0.0;   6;    9.000;   0;   4.2;  12.7; 1016.15;   16.5;   69.46;   20.9;   10.0;    6.3;eor
       1975;20200721;   10;  11.7;   3.1;    3;   1.3;   6;    7.700;   0;   3.2;  11.9; 1020.25;   14.0;   76.08;   19.0;    8.9;    5.6;eor
       1975;20200722;   10;   9.8;   2.5;    3;   0.0;   6;    6.117;   0;   5.5;  11.5; 1020.19;   14.5;   71.58;   20.1;    8.7;    4.8;eor
       1975;20200723;   10;   9.6;   2.2;    3;   0.0;   6;    7.567;   0;   6.3;  11.9; 1014.68;   17.1;   63.04;   22.3;   10.3;    9.2;eor
       1975;20200724;   10;  12.7;   4.1;    3;   0.6;   6;    5.917;   0;   5.3;  14.7; 1007.96;   17.9;   71.92;   22.4;   11.8;    9.0;eor
       1975;20200725;   10;  10.6;   3.8;    3;   5.1;   6;    4.617;   0;   6.1;  16.0; 1008.93;   18.3;   77.29;   24.0;   11.2;    7.7;eor
       1975;20200726;   10;  12.5;   4.2;    3;   4.9;   6;    5.783;   0;   5.5;  16.5; 1007.67;   18.3;   79.00;   22.8;   13.5;   10.9;eor
       1975;20200727;   10;   9.9;   3.3;    3;   0.0;   6;    4.283;   0;   5.8;  15.5; 1011.91;   18.3;   74.71;   21.3;   13.0;   10.4;eor
       1975;20200728;   10;  12.3;   5.2;    3;   0.5;   6;    5.217;   0;   6.1;  14.0; 1007.03;   18.1;   67.71;   22.2;   13.7;   11.8;eor
       1975;20200729;   10;  14.7;   5.5;    3;   0.7;   6;    1.867;   0;   6.2;  11.6; 1014.49;   15.8;   65.17;   18.9;   12.3;    9.1;eor
       1975;20200730;   10;   9.8;   3.3;    3;   0.0;   0;    5.517;   0;   4.8;  11.9; 1018.62;   15.6;   68.58;   20.5;   11.3;    9.0;eor
       1975;20200731;   10;   6.7;   1.8;    3;   0.0;   0;   11.900;   0;   2.9;  13.5; 1017.19;   18.5;   65.83;   26.2;    9.8;    7.7;eor
       1975;20200801;   10;  10.8;   4.2;    3;   0.0;   6;    7.750;   0;   5.2;  15.7; 1012.72;   21.6;   61.79;   28.1;   14.9;   12.4;eor
       1975;20200802;   10;  13.9;   2.7;    3;   2.7;   6;    5.633;   0;   6.7;  16.2; 1011.42;   18.1;   79.04;   24.2;   12.6;    9.6;eor
       1975;20200803;   10;   8.2;   2.9;    3;   0.0;   6;   10.000;   0;   4.3;  13.2; 1011.43;   15.8;   75.46;   21.4;    9.5;    6.2;eor
       1975;20200804;   10;   9.9;   2.8;    3;   0.0;   0;   11.367;   0;   2.8;  12.0; 1013.75;   15.3;   71.29;   21.5;    9.9;    7.2;eor
       1975;20200805;   10;  13.4;   4.0;    3;   0.0;   0;   12.383;   0;   3.4;  12.4; 1014.64;   21.1;   52.46;   27.9;   12.9;   12.1;eor
       1975;20200806;   10;   7.7;   2.3;    3;   0.0;   0;   13.767;   0;   1.6;  12.8; 1018.21;   24.2;   45.17;   31.7;   15.7;   11.2;eor
       1975;20200807;   10;   8.2;   2.8;    3;   0.0;   0;   13.417;   0;   1.0;  15.4; 1019.91;   24.4;   52.71;   31.6;   15.5;   11.2;eor
       1975;20200808;   10;   7.4;   2.1;    3;   0.0;   0;   11.717;   0;   2.8;  18.4; 1018.60;   25.6;   58.96;   33.3;   17.7;   15.8;eor
       1975;20200809;   10;   7.9;   3.0;    3;   0.0;   0;    9.100;   0;   5.6;  17.2; 1017.41;   24.6;   58.33;   31.3;   17.6;   15.0;eor
       1975;20200810;   10;   9.4;   3.2;    3;   0.0;   0;   12.200;   0;   2.2;  19.5; 1016.13;   25.3;   62.83;   33.0;   18.0;   15.6;eor
       1975;20200811;   10;  11.0;   4.1;    3;   0.0;   0;   13.250;   0;   0.8;  18.0; 1017.86;   24.9;   59.83;   32.1;   17.8;   15.6;eor
       1975;20200812;   10;  10.1;   4.1;    3;   0.0;   0;   12.083;   0;   3.2;  16.1; 1016.60;   24.1;   55.58;   32.7;   15.3;   13.9;eor
       1975;20200813;   10;  11.1;   4.2;    3;   0.0;   0;   11.917;   0;   2.6;  15.8; 1012.82;   23.1;   57.96;   31.4;   16.2;   14.6;eor
       1975;20200814;   10;   7.7;   2.4;    3;   0.0;   0;    9.983;   0;   5.5;  16.2; 1011.07;   23.1;   58.38;   29.7;   16.4;   15.2;eor
       1975;20200815;   10;   8.6;   2.5;    3;   0.0;   0;   11.967;   0;   1.8;  16.0; 1012.54;   23.5;   59.25;   31.7;   14.9;   13.7;eor
       1975;20200816;   10;   9.6;   3.0;    3;   0.0;   0;    9.850;   0;   1.8;  15.2; 1011.17;   24.3;   53.08;   31.7;   16.7;   14.2;eor
       1975;20200817;   10;   9.8;   3.0;    3;   1.4;   6;    9.367;   0;   4.9;  15.7; 1007.76;   22.3;   60.33;   30.2;   15.9;   13.6;eor
       1975;20200818;   10;  10.6;   2.3;    3;   0.1;   6;    7.617;   0;   6.4;  17.7; 1007.89;   20.0;   77.25;   25.3;   15.4;   11.4;eor
       1975;20200819;   10;   8.6;   1.9;    3;   0.0;   0;   10.600;   0;   3.7;  15.4; 1008.28;   20.2;   68.17;   26.5;   12.9;    9.3;eor
       1975;20200820;   10;   9.9;   3.3;    3;   0.0;   6;    2.617;   0;   6.6;  18.5; 1007.05;   22.9;   66.04;   27.7;   19.4;   17.5;eor
       1975;20200821;   10;   8.4;   3.4;    3;   3.5;   6;    2.767;   0;   6.7;  21.4; 1007.95;   23.0;   76.63;   27.4;   18.2;   15.7;eor
       1975;20200822;   10;  15.1;   3.9;    3;   1.1;   6;    3.800;   0;   6.1;  16.9; 1010.39;   19.4;   77.08;   25.1;   15.2;   13.1;eor
       1975;20200823;   10;  14.4;   5.6;    3;   3.6;   6;    5.633;   0;   5.0;  15.4; 1010.29;   17.4;   78.79;   22.4;   14.0;   12.3;eor
       1975;20200824;   10;  14.1;   3.3;    3;  10.0;   6;    0.933;   0;   6.3;  15.3; 1010.60;   14.6;   91.79;   18.3;   12.8;   11.6;eor
       1975;20200825;   10;  14.6;   3.7;    3;   6.8;   6;    2.717;   0;   6.4;  14.4; 1007.66;   15.4;   83.33;   19.5;    9.7;    7.8;eor
       1975;20200826;   10;  17.7;   7.0;    3;   8.5;   6;    0.933;   0;   7.0;  16.9;  998.22;   16.6;   89.29;   18.9;   14.6;   14.1;eor
       1975;20200827;   10;  14.1;   4.6;    3;   1.3;   6;    4.683;   0;   6.4;  13.2; 1010.73;   15.4;   75.88;   18.9;   12.2;   10.7;eor
       1975;20200828;   10;   9.1;   3.6;    3;   0.3;   6;    4.467;   0;   5.5;  14.0; 1000.64;   16.1;   77.25;   22.2;   13.0;   10.2;eor
       1975;20200829;   10;  11.7;   3.3;    3;   0.0;   0;    7.933;   0;   3.8;  13.5; 1001.42;   16.3;   74.13;   21.1;   11.1;    6.9;eor
       1975;20200830;   10;   7.4;   1.8;    3;   0.0;   0;    9.883;   0;   2.5;  13.2; 1007.68;   16.6;   73.08;   23.3;    8.6;    6.5;eor
       1975;20200831;   10;   8.1;   3.1;    3;   0.0;   6;    4.300;   0;   6.3;  12.9; 1015.18;   15.7;   73.67;   20.4;   12.4;   10.2;eor
       1975;20200901;   10;   9.1;   2.7;    3;   0.1;   6;   11.650;   0;   2.6;  10.3; 1017.78;   14.6;   64.79;   20.8;    7.9;    4.5;eor
       1975;20200902;   10;   9.4;   2.1;    3;   0.0;   0;    7.917;   0;   4.4;  11.6; 1016.48;   14.0;   75.25;   20.6;    7.6;    5.1;eor
       1975;20200903;   10;  11.3;   3.9;    3;  12.2;   6;    4.383;   0;   5.9;  13.2; 1014.93;   13.7;   84.75;   19.4;    6.7;    3.1;eor
       1975;20200904;   10;   8.9;   3.8;    3;   2.0;   6;    6.867;   0;   6.4;  15.3; 1015.85;   16.9;   80.42;   21.4;   13.2;   11.8;eor
       1975;20200905;   10;  14.4;   3.7;    3;   1.0;   6;    3.350;   0;   6.3;  13.1; 1013.62;   14.6;   79.38;   18.9;   12.0;    9.6;eor
       1975;20200906;   10;  11.1;   3.4;    3;   9.9;   6;    3.883;   0;   5.4;  12.4; 1015.68;   12.8;   84.54;   17.4;   10.4;    8.6;eor
       1975;20200907;   10;   9.8;   3.3;    3;   0.3;   6;    4.467;   0;   5.0;  13.0; 1020.08;   14.3;   80.29;   18.4;   11.1;    9.8;eor
       1975;20200908;   10;  11.8;   5.1;    3;   0.0;   6;    0.950;   0;   7.0;  15.8; 1020.14;   16.2;   84.88;   20.2;   12.7;   10.5;eor
       1975;20200909;   10;  12.0;   5.0;    3;   1.8;   6;    0.100;   0;   6.6;  17.6; 1016.69;   17.1;   89.71;   20.2;   11.2;    8.3;eor
       1975;20200910;   10;   9.1;   2.7;    3;   0.0;   6;    6.100;   0;   4.8;  12.1; 1018.85;   13.8;   77.50;   18.0;   10.2;    7.7;eor
       1975;20200911;   10;   8.1;   2.4;    3;   0.0;   0;    6.383;   0;   5.4;  11.9; 1015.45;   14.8;   72.58;   19.5;    9.6;    7.1;eor
       1975;20200912;   10;  13.7;   3.7;    3;   0.1;   6;    5.283;   0;   4.1;  12.9; 1015.59;   14.0;   81.25;   19.4;    8.8;    5.7;eor
       1975;20200913;   10;  13.0;   4.3;    3;   0.0;   0;    9.633;   0;   5.5;  14.0; 1021.69;   16.3;   76.92;   22.1;   10.1;    7.5;eor
       1975;20200914;   10;   5.7;   1.7;    3;   0.0;   0;   11.517;   0;   2.7;  16.1; 1023.53;   18.9;   76.42;   27.5;   11.1;    7.2;eor
       1975;20200915;   10;   5.7;   1.6;    3;   0.0;   0;   10.633;   0;   3.7;  17.4; 1018.16;   20.8;   74.00;   29.9;   13.9;   10.1;eor
       1975;20200916;   10;  12.9;   3.5;    3;   0.0;   4;    7.967;   0;   1.8;  15.5; 1017.96;   16.1;   84.83;   22.6;   10.0;    8.5;eor
       1975;20200917;   10;   9.6;   2.9;    3;   0.0;   0;   11.050;   0;   1.8;   9.1; 1028.19;   11.5;   70.04;   17.5;    4.9;    1.3;eor
       1975;20200918;   10;   7.4;   2.3;    3;   0.0;   0;   11.517;   0;   1.3;   8.6; 1027.47;   11.4;   68.13;   19.2;    2.0;   -1.0;eor
       1975;20200919;   10;   8.2;   2.7;    3;   0.0;   0;    9.200;   0;   4.7;   9.9; 1021.82;   12.8;   70.46;   20.0;    5.2;    1.3;eor
       1975;20200920;   10;   7.2;   2.5;    3;   0.0;   0;   11.517;   0;   0.5;  10.0; 1018.79;   13.9;   66.83;   22.2;    4.9;    0.4;eor
       1975;20200921;   10;   6.3;   1.6;    3;   0.0;   0;   11.383;   0;   0.6;  11.3; 1015.65;   14.8;   71.58;   23.9;    7.3;    3.8;eor
       1975;20200922;   10;   5.7;   1.5;    3;   0.0;   0;   11.033;   0;   0.0;  12.5; 1008.00;   15.4;   74.58;   24.4;    7.3;    5.3;eor
       1975;20200923;   10;   9.8;   2.5;    3;   0.1;   6;    8.767;   0;   3.2;  12.5; 1001.88;   16.0;   71.54;   23.4;    7.2;    3.4;eor
       1975;20200924;   10;  13.2;   5.0;    3;   0.0;   0;    6.267;   0;   5.2;  11.6;  999.32;   15.7;   64.88;   18.5;   11.7;    8.0;eor
       1975;20200925;   10;   8.7;   3.4;    3;   0.0;   6;    4.283;   0;   5.9;  10.5;  994.78;   12.8;   71.58;   16.5;    5.9;    1.6;eor
       1975;20200926;   10;  13.9;   3.1;    3;  11.6;   6;    0.000;   0;   7.2;  11.1;  994.31;   10.9;   84.46;   16.7;    4.5;    1.7;eor
       1975;20200927;   10;  10.5;   2.9;    3;   6.6;   6;    0.000;   0;   7.8;  12.2; 1001.49;   11.2;   91.96;   13.5;   10.6;    9.4;eor
       1975;20200928;   10;   6.9;   2.5;    3;   0.0;   6;    0.050;   0;   6.9;  12.4; 1008.11;   12.1;   87.92;   14.0;    9.2;    6.9;eor
       1975;20200929;   10;   7.9;   2.6;    3;   0.0;   6;    6.417;   0;   4.9;  11.7; 1013.57;   13.3;   77.33;   17.8;    7.4;    4.2;eor
       1975;20200930;   10;   8.2;   2.5;    3;   0.0;   0;    4.850;   0;   5.0;  14.4; 1013.16;   14.9;   85.38;   19.0;   11.1;    7.9;eor
       1975;20201001;    3;  12.5;   4.7;    3;   0.0;   6;    8.017;   0;   3.3;  12.1; 1003.74;   13.7;   78.00;   18.4;    9.6;    6.0;eor
       1975;20201002;    3;  11.7;   4.8;    3;   0.0;   6;    0.400;   0;   6.8;  13.4;  998.48;   14.1;   83.58;   16.7;   12.3;   11.4;eor
       1975;20201003;    3;  13.4;   6.0;    3;   0.0;   6;    0.700;   0;   7.3;  14.5;  991.60;   15.4;   82.46;   18.2;   11.7;    9.5;eor
       1975;20201004;    3;  14.6;   5.3;    3;   0.0;   6;    4.600;   0;   3.9;  10.4;  993.70;   12.6;   71.46;   17.2;    9.1;    6.0;eor
       1975;20201005;    3;  10.1;   3.4;    3;   0.8;   6;    2.617;   0;   4.7;  10.2;  999.90;   11.1;   76.67;   15.9;    7.4;    3.9;eor
       1975;20201006;    3;  12.5;   5.3;    3;   2.7;   6;    0.650;   0;   6.2;  12.1;  996.53;   11.9;   86.92;   15.5;    8.5;    6.6;eor
       1975;20201007;    3;  11.8;   4.1;    3;   1.7;   6;    0.950;   0;   6.6;  12.5; 1004.06;   12.0;   88.54;   16.1;   10.0;    8.5;eor
       1975;20201008;    3;  16.5;   6.2;    3;  17.1;   6;    0.000;   0;   7.0;  12.7; 1008.65;   11.6;   92.17;   14.9;    8.7;    7.3;eor
       1975;20201009;    3;   9.8;   3.7;    3;   0.2;   6;    3.317;   0;   6.0;  11.6; 1013.60;   12.1;   82.38;   15.1;    9.0;    7.6;eor
       1975;20201010;    3;  14.2;   5.1;    3;   0.6;   8;    5.967;   0;   5.4;   9.5; 1013.13;    9.0;   82.67;   12.7;    4.8;    2.6;eor
       1975;20201011;    3;  10.6;   3.6;    3;   1.2;   6;    2.783;   0;   5.0;   9.7; 1013.43;    8.1;   89.17;   12.1;    4.3;    1.8;eor
       1975;20201012;    3;   7.2;   1.5;    3;   3.3;   6;    1.317;   0;   4.6;   9.9; 1015.04;    7.5;   95.38;   12.3;    2.6;    0.5;eor
       1975;20201013;    3;   7.5;   2.3;    3;   0.0;   6;    7.483;   0;   5.4;   9.8; 1014.60;    8.8;   86.42;   13.9;    2.6;    0.4;eor
       1975;20201014;    3;  12.9;   4.6;    3;   0.0;   6;    1.100;   0;   7.6;   9.1; 1015.56;    9.5;   76.63;   11.7;    7.5;    6.4;eor
       1975;20201015;    3;   9.4;   3.7;    3;   0.0;   0;    1.350;   0;   7.1;   8.5; 1019.06;    9.1;   73.42;   11.2;    7.4;    6.3;eor
       1975;20201016;    3;   6.0;   2.0;    3;   0.0;   0;    2.200;   0;   5.8;   8.5; 1020.62;    7.3;   84.17;   11.7;    1.7;   -1.0;eor
       1975;20201017;    3;   5.7;   1.9;    3;   0.8;   6;    2.700;   0;   5.6;   9.9; 1017.95;    9.0;   86.96;   13.0;    5.6;    1.7;eor
       1975;20201018;    3;  12.3;   4.2;    3;   0.8;   6;    3.783;   0;   7.0;   9.4; 1015.66;    9.4;   80.79;   13.1;    7.3;    4.4;eor
       1975;20201019;    3;   7.2;   3.0;    3;   0.0;   6;    0.217;   0;   6.7;   9.7; 1018.34;    8.9;   85.50;   11.4;    6.4;    3.6;eor
       1975;20201020;    3;  10.6;   4.5;    3;   1.6;   6;    0.317;   0;   7.4;   9.8; 1009.73;    8.9;   84.67;   12.9;    5.9;    4.4;eor
       1975;20201021;    3;  20.2;   5.3;    3;   3.0;   6;    0.700;   0;   7.3;  13.5; 1002.14;   13.7;   86.58;   18.3;   11.9;   11.2;eor
       1975;20201022;    3;  19.2;   5.8;    3;   0.4;   6;    4.850;   0;   4.3;  12.9; 1006.43;   14.9;   75.88;   18.2;   10.4;    6.8;eor
       1975;20201023;    3;   7.7;   3.3;    3;   0.1;   6;    1.450;   0;   5.2;  12.1; 1008.22;   11.6;   88.75;   14.5;    8.1;    5.2;eor
       1975;20201024;    3;  12.7;   5.6;    3;   0.9;   6;    2.400;   0;   7.3;  12.8; 1007.41;   13.1;   84.88;   14.9;   11.6;   10.4;eor
       1975;20201025;    3;  11.5;   5.2;    3;   6.7;   6;    0.000;   0;   7.8;  12.6; 1001.24;   13.3;   82.42;   15.0;   10.8;    9.9;eor
       1975;20201026;    3;   9.8;   4.0;    3;   0.0;   6;    0.000;   0;   6.7;  11.0;  999.63;   10.5;   86.17;   12.0;    7.9;    4.9;eor
       1975;20201027;    3;  13.9;   6.3;    3;   1.8;   6;    3.167;   0;   5.3;   9.5; 1001.69;   10.1;   76.71;   12.6;    7.6;    5.6;eor
       1975;20201028;    3;  12.2;   6.1;    3;   4.5;   6;    3.767;   0;   6.7;  10.7; 1002.92;   10.9;   82.00;   14.2;    9.1;    7.3;eor
       1975;20201029;    3;  14.2;   5.1;    3;  10.7;   6;    2.167;   0;   6.9;  10.2; 1008.01;    9.5;   86.67;   11.9;    7.1;    6.3;eor
       1975;20201030;    3;  11.3;   4.4;    3;   5.2;   6;    0.000;   0;   8.0;  14.4; 1012.08;   12.7;   96.88;   14.0;    9.3;    9.0;eor
       1975;20201031;    3;   9.9;   4.0;    3;   1.5;   6;    0.217;   0;   7.5;  14.6; 1016.11;   13.8;   92.29;   14.6;   11.9;   10.6;eor
       1975;20201101;    3;  12.9;   5.2;    3;   0.6;   6;    3.150;   0;   6.6;  13.1; 1007.79;   13.5;   85.08;   16.6;    9.7;    8.4;eor
       1975;20201102;    3;  17.8;   7.9;    3;   0.5;   6;    1.233;   0;   6.9;  16.0; 1003.60;   16.8;   82.96;   19.7;   10.7;    8.4;eor
       1975;20201103;    3;  13.4;   5.6;    3;   0.0;   6;    6.183;   0;   2.8;   9.1; 1016.89;    9.9;   74.83;   11.9;    6.9;    4.5;eor
       1975;20201104;    3;  11.3;   4.7;    3;   0.0;   0;    6.600;   0;   1.9;   8.7; 1026.28;    8.1;   80.13;   11.4;    5.2;    2.5;eor
       1975;20201105;    3;  12.0;   3.8;    3;   0.0;   6;    2.583;   0;   5.4;   9.2; 1033.30;    8.0;   85.96;   11.2;    2.7;    0.0;eor
       1975;20201106;    3;   7.2;   2.4;    3;   0.0;   6;    0.050;   0;   7.8;  11.7; 1031.57;   10.6;   91.54;   12.3;    9.2;    9.1;eor
       1975;20201107;    3;   9.8;   3.3;    3;   0.0;   0;    7.117;   0;   2.9;   9.1; 1024.33;    7.9;   86.04;   11.9;    3.3;    1.4;eor
       1975;20201108;    3;   6.2;   2.3;    3;   0.0;   0;    7.450;   0;   1.5;   9.0; 1022.99;    7.0;   90.13;   12.5;    2.4;    0.1;eor
       1975;20201109;    3;   7.4;   4.1;    3;   0.0;   0;    0.000;   0;   7.9;   8.7; 1024.75;    5.8;   93.92;    6.6;    4.8;    4.9;eor
       1975;20201110;    3;   8.6;   4.6;    3;   0.0;   6;    0.000;   0;   8.0;   8.2; 1026.06;    5.3;   91.83;    5.8;    4.6;    4.6;eor
       1975;20201111;    3;   6.7;   2.9;    3;   0.0;   6;    0.000;   0;   8.0;   8.9; 1023.38;    5.7;   96.88;    6.9;    4.2;    4.3;eor
       1975;20201112;    3;  10.5;   4.1;    3;   1.7;   6;    0.000;   0;   7.0;  10.1; 1015.85;    7.8;   95.25;    9.5;    6.6;    2.9;eor
       1975;20201113;    3;   9.3;   3.7;    3;   0.0;   6;    5.517;   0;   6.4;  10.1; 1014.78;    9.0;   88.46;   11.9;    5.9;    3.8;eor
       1975;20201114;    3;   6.7;   3.4;    3;   0.0;   6;    0.233;   0;   7.3;  12.6; 1013.31;   11.7;   91.13;   12.9;   10.5;    8.8;eor
       1975;20201115;    3;  15.3;   5.9;    3;   0.5;   6;    4.617;   0;   6.7;  11.4; 1005.15;   12.7;   77.46;   16.2;    9.1;    8.1;eor
       1975;20201116;    3;  13.2;   6.2;    3;   0.4;   6;    0.217;   0;   6.3;  10.2; 1007.66;   10.0;   82.71;   11.2;    8.7;    6.7;eor
       1975;20201117;    3;  11.7;   5.8;    3;   2.0;   6;    0.000;   0;   7.8;  11.9; 1017.80;   10.5;   92.50;   12.2;    7.9;    6.6;eor
       1975;20201118;    3;  15.1;   6.1;    3;   0.2;   6;    0.950;   0;   6.3;  11.4; 1017.50;   11.3;   85.50;   13.4;    9.5;    7.5;eor
       1975;20201119;    3;  18.7;   6.9;    3;   2.1;   6;    0.567;   0;   6.2;   8.5; 1013.31;    8.4;   75.38;   13.4;    2.0;   -0.7;eor
       1975;20201120;    3;   8.4;   3.5;    3;   0.0;   6;    4.850;   0;   2.9;   7.1; 1028.27;    4.1;   86.71;    6.8;    1.5;   -1.5;eor
       1975;20201121;    3;  15.1;   7.5;    3;   0.8;   6;    0.000;   0;   7.7;   8.3; 1023.24;    5.9;   88.29;    9.2;    2.2;    0.2;eor
       1975;20201122;    3;  13.7;   5.5;    3;   0.6;   6;    2.417;   0;   5.8;   9.6; 1018.49;    8.5;   86.08;   10.6;    4.3;    1.9;eor
       1975;20201123;    3;   9.1;   4.2;    3;   0.7;   6;    5.367;   0;   5.6;   8.2; 1022.29;    6.5;   84.46;    9.4;    4.1;    2.3;eor
       1975;20201124;    3;  11.3;   4.9;    3;   0.0;   0;    0.000;   0;   7.0;   8.3; 1020.25;    6.2;   87.79;    8.3;    2.8;    0.3;eor
       1975;20201125;    3;   6.5;   3.2;    3;   0.1;   6;    3.250;   0;   6.8;   7.2; 1015.75;    3.2;   93.42;    6.4;    0.7;   -1.5;eor
       1975;20201126;    3;   7.2;   2.4;    3;   0.6;   6;    0.067;   0;   7.2;   9.2; 1017.15;    6.5;   95.00;   10.1;    1.6;   -0.5;eor
       1975;20201127;    3;   4.5;   1.3;    3;   0.0;   0;    4.333;   0;   4.4;   7.2; 1020.31;    2.8;   95.75;    7.9;   -0.8;   -1.5;eor
       1975;20201128;    3;   7.2;   3.1;    3;   0.0;   0;    0.000;   0;   7.5;   6.2; 1023.92;    1.3;   91.92;    3.4;   -0.2;   -1.6;eor
       1975;20201129;    3;   4.8;   1.8;    3;   0.0;   0;    0.000;   0;   6.8;   6.2; 1026.25;    2.5;   84.67;    4.6;   -0.8;   -1.9;eor
       1975;20201130;    3;   9.8;   3.8;    3;   3.1;   8;    0.000;   0;   7.5;   5.7; 1019.20;    2.4;   78.00;    3.7;    1.6;    1.1;eor
       1975;20201201;    3;   6.2;   3.3;    3;   0.2;   6;    0.000;   0;   8.0;   7.6; 1013.85;    3.8;   94.83;    4.2;    3.2;    2.7;eor
       1975;20201202;    3;   7.7;   3.0;    3;   0.0;   6;    0.000;   0;   7.4;   6.5; 1016.40;    2.5;   88.50;    3.4;   -0.8;   -2.2;eor
       1975;20201203;    3;  11.3;   5.7;    3;   0.0;   8;    0.000;   0;   7.3;   5.5;  999.90;    0.7;   86.04;    1.9;   -0.8;   -2.1;eor
       1975;20201204;    3;  13.0;   6.0;    3;   0.0;   8;    0.383;   0;   7.4;   5.3;  990.16;    1.5;   77.88;    3.1;   -0.1;   -0.6;eor
       1975;20201205;    3;   8.4;   3.2;    3;   0.0;   8;    0.000;   0;   7.3;   6.4;  997.23;    2.2;   89.54;    4.3;   -0.3;   -2.1;eor
       1975;20201206;    3;   6.7;   2.1;    3;   0.0;   6;    0.000;   0;   7.6;   7.5;  999.68;    3.7;   93.75;    6.0;    0.8;   -0.8;eor
       1975;20201207;    3;  11.5;   4.4;    3;   0.0;   6;    0.000;   0;   7.8;   8.1;  996.98;    5.8;   87.67;    7.6;    4.1;    2.5;eor
       1975;20201208;    3;   7.5;   2.9;    3;   0.0;   6;    0.017;   0;   7.5;   7.4; 1004.93;    4.8;   85.42;    5.9;    2.6;    2.0;eor
       1975;20201209;    3;   6.7;   3.0;    3;   0.0;   6;    0.000;   0;   8.0;   7.0; 1008.63;    2.9;   93.38;    3.7;    1.8;    1.9;eor
       1975;20201210;    3;   6.7;   3.1;    3;   0.0;   8;    0.000;   0;   8.0;   6.7; 1006.80;    2.2;   94.13;    3.1;    0.9;    0.7;eor
       1975;20201211;    3;  11.0;   5.6;    3;   0.0;   0;    0.000;   0;   7.9;   6.3;  998.72;    1.4;   92.58;    2.4;    0.9;    0.8;eor
       1975;20201212;    3;  11.5;   4.7;    3;   0.1;   6;    0.000;   0;   8.0;   6.5;  998.59;    2.4;   88.83;    3.2;    1.5;    1.2;eor
       1975;20201213;    3;   7.2;   3.4;    3;   0.1;   6;    0.000;   0;   8.0;   7.4; 1008.03;    3.2;   96.00;    4.4;    2.1;    1.9;eor
       1975;20201214;    3;  11.1;   4.8;    3;   3.3;   6;    0.000;   0;   7.7;   8.9; 1007.31;    6.3;   92.67;    8.3;    4.3;    3.2;eor
       1975;20201215;    3;   6.3;   3.2;    3;   3.5;   6;    0.000;   0;   7.9;   9.8; 1008.28;    7.7;   92.79;    9.0;    6.2;    5.4;eor
       1975;20201216;    3;  11.7;   3.7;    3;   0.0;   6;    0.333;   0;   7.0;  10.1; 1016.05;    7.7;   95.29;    8.5;    6.4;    5.9;eor
       1975;20201217;    3;  11.8;   4.7;    3;   2.6;   6;    0.050;   0;   7.4;   9.8; 1014.83;    8.0;   90.54;    9.5;    6.7;    5.9;eor
       1975;20201218;    3;   9.3;   4.1;    3;   0.0;   0;    6.200;   0;   4.8;   8.5; 1018.64;    6.8;   86.08;    9.6;    3.8;    1.2;eor
       1975;20201219;    3;   7.2;   4.0;    3;   0.0;   6;    6.050;   0;   2.7;   8.1; 1014.01;    5.6;   88.83;    9.0;    2.4;   -0.3;eor
       1975;20201220;    3;   8.2;   3.1;    3;   0.0;   6;    0.000;   0;   6.7;   8.9; 1015.58;    7.4;   86.17;    8.6;    4.4;    1.2;eor
       1975;20201221;    3;  11.0;   5.5;    3;   9.3;   6;    3.833;   0;   5.8;   8.6; 1014.48;    7.0;   86.04;    9.1;    5.4;    3.3;eor
       1975;20201222;    3;  13.5;   4.7;    3;   5.9;   6;    0.000;   0;   7.6;  10.5; 1006.06;    8.7;   91.88;   12.0;    4.7;    2.7;eor
       1975;20201223;    3;   8.7;   2.5;    3;  25.1;   6;    0.000;   0;   6.9;   8.0; 1008.43;    4.0;   97.88;    5.9;    0.0;   -2.6;eor
       1975;20201224;    3;   8.7;   3.6;    3;   2.1;   6;    0.000;   0;   7.5;   7.4; 1005.95;    3.6;   93.42;    5.1;    1.8;    1.1;eor
       1975;20201225;    3;   5.8;   2.4;    3;   0.0;   0;    6.867;   0;   1.3;   5.2; 1018.45;   -0.1;   86.17;    3.1;   -4.3;   -6.8;eor
       1975;20201226;    3;  16.8;   5.5;    3;   0.0;   6;    0.000;   0;   7.3;   6.3; 1013.65;    1.7;   91.33;    4.7;   -3.3;   -5.7;eor
       1975;20201227;    1;  19.7;  10.2;    1;   0.5;   6;    0.000;   0;   8.0;   6.5;  986.52;    3.8;   81.54;    5.4;    2.3;    1.9;eor
       1975;20201228;    1;  12.2;   4.7;    1;   3.4;   8;    0.167;   0;   7.5;   6.7;  978.88;    3.4;   86.21;    4.9;    2.4;    1.5;eor
       1975;20201229;    1;  10.3;   4.0;    1;   1.3;   6;    0.000;   0;   7.8;   6.8;  983.81;    2.6;   93.17;    4.4;    0.5;    0.0;eor
       1975;20201230;    1;  11.8;   6.6;    1;   0.1;   6;    0.000;   0;   7.9;   7.2;  995.41;    3.9;   89.38;    4.5;    3.2;    2.7;eor
       1975;20201231;    1;  10.8;   5.0;    1;   0.0;   6;    0.000;   0;   7.5;   6.8; 1000.67;    3.4;   86.79;    4.6;    2.3;    0.8;eor
       1975;20210101;    1;   6.2;   3.1;    1;   0.7;   6;    0.000;   0;   7.8;   7.0; 1004.32;    3.0;   91.79;    4.0;    1.8;    1.9;eor
       1975;20210102;    1;   6.2;   2.5;    1;   0.8;   6;    0.000;   0;   7.8;   7.5; 1011.41;    3.6;   94.54;    4.3;    2.9;    1.7;eor
       1975;20210103;    1;  16.5;   5.6;    1;   0.4;   6;    0.550;   0;   7.3;   6.5; 1016.46;    3.6;   83.08;    4.5;    2.4;    1.7;eor
       1975;20210104;    1;  14.2;   5.4;    1;   4.7;   8;    0.000;   0;   7.8;   6.4; 1017.88;    2.4;   89.17;    4.8;    1.2;    0.8;eor
       1975;20210105;    1;  10.1;   4.3;    1;   0.2;   6;    0.000;   0;   7.8;   6.9; 1017.68;    2.9;   91.21;    4.3;    1.9;    1.4;eor
       1975;20210106;    1;   6.7;   3.5;    1;   7.8;   8;    0.000;   0;   7.9;   6.1; 1012.11;    0.9;   93.58;    2.1;    0.2;   -0.1;eor
       1975;20210107;    1;   4.6;   2.1;    1;   1.2;   8;    0.000;   3;   8.0;   6.2; 1007.45;    0.5;   98.08;    0.8;    0.2;   -0.1;eor
       1975;20210108;    1;   8.1;   3.2;    1;   1.4;   8;    0.000;   3;   7.9;   6.1; 1011.24;    0.6;   95.75;    1.1;    0.2;   -0.1;eor
       1975;20210109;    1;   7.7;   2.9;    1;   0.0;   0;    0.000;   0;   7.9;   6.1; 1019.79;    0.9;   92.92;    1.4;   -0.2;   -0.1;eor
       1975;20210110;    1;   9.9;   4.3;    1;   0.5;   6;    1.600;   0;   7.5;   6.2; 1019.56;    1.4;   90.79;    3.4;   -1.0;   -1.3;eor
       1975;20210111;    1;  14.4;   7.6;    1;   9.7;   6;    0.000;   0;   8.0;   7.3; 1010.19;    3.2;   94.67;    4.7;    2.5;    2.3;eor
       1975;20210112;    1;  15.1;   5.1;    1;   5.0;   8;    3.433;   0;   5.3;   6.9; 1000.72;    3.6;   86.42;    6.1;    1.2;   -0.8;eor
       1975;20210113;    1;  15.6;   6.6;    1;   3.9;   8;    0.417;   1;   6.6;   5.9; 1004.36;    1.7;   85.92;    4.6;    0.5;   -1.0;eor
       1975;20210114;    1;  13.5;   3.6;    1;   0.0;   7;    0.000;   0;   7.3;   5.9; 1017.01;    0.8;   90.79;    1.2;    0.1;   -1.0;eor
       1975;20210115;    1;   8.1;   3.3;    1;   0.0;   7;    0.000;   0;   7.6;   4.7; 1024.63;   -0.5;   78.54;    1.0;   -1.6;   -1.8;eor
       1975;20210116;    1;   5.1;   2.6;    1;   0.0;   0;    2.850;   0;   6.8;   4.1; 1021.80;   -1.3;   73.83;    0.5;   -3.1;   -6.3;eor
       1975;20210117;    1;   7.2;   3.0;    1;   0.0;   8;    2.500;   0;   7.0;   4.5; 1016.91;   -1.4;   81.96;    0.4;   -3.9;   -6.3;eor
       1975;20210118;    1;  10.5;   4.1;    1;   5.1;   6;    0.000;   0;   8.0;   7.0; 1014.49;    2.7;   94.08;    4.9;   -0.5;   -0.6;eor
       1975;20210119;    1;  12.3;   5.4;    1;  15.3;   6;    0.000;   0;   8.0;   8.4; 1002.37;    5.2;   93.58;    9.1;    3.0;    2.5;eor
       1975;20210120;    1;  14.1;   7.7;    1;   0.0;   6;    0.300;   0;   7.3;   8.1;  995.14;    8.3;   75.00;   10.4;    5.9;    5.2;eor
       1975;20210121;    1;  24.9;   8.8;    1;   5.1;   6;    2.567;   0;   6.6;   7.1;  987.64;    7.8;   66.88;   10.9;    5.2;    4.0;eor
       1975;20210122;    1;  17.0;   6.6;    1;   0.0;   6;    1.200;   0;   6.4;   7.2;  986.95;    4.5;   84.04;    9.2;    1.0;   -1.2;eor
       1975;20210123;    1;   7.7;   3.1;    1;   0.0;   0;    1.967;   0;   7.5;   6.2;  993.70;    2.5;   85.50;    5.2;   -0.1;   -2.0;eor
       1975;20210124;    1;   7.0;   2.1;    1;   0.8;   8;    0.000;   0;   7.3;   6.3;  994.52;    1.5;   92.29;    2.9;   -0.4;   -2.1;eor
       1975;20210125;    1;   6.3;   2.6;    1;   0.0;   8;    0.000;   0;   6.2;   6.0; 1000.84;    0.6;   94.25;    2.2;   -1.8;   -5.2;eor
       1975;20210126;    1;  11.1;   2.3;    1;   0.3;   8;    3.567;   0;   4.3;   5.6; 1010.05;    0.0;   91.75;    4.2;   -4.4;   -7.0;eor
       1975;20210127;    1;  10.3;   4.2;    1;   0.9;   6;    1.833;   0;   7.1;   6.2; 1008.42;    1.7;   89.13;    3.8;   -0.8;   -3.6;eor
       1975;20210128;    1;   8.1;   2.4;    1;   0.0;   0;    1.450;   0;   7.0;   5.5; 1003.32;    0.6;   85.50;    4.3;   -1.8;   -2.9;eor
       1975;20210129;    1;  10.8;   4.9;    1;   4.4;   7;    0.000;   0;   7.7;   4.7;  996.43;   -0.9;   81.75;    0.5;   -1.6;   -3.4;eor
       1975;20210130;    1;   5.7;   1.9;    1;   0.0;   0;    6.100;   6;   4.0;   4.4; 1002.34;   -2.9;   89.08;    0.9;   -9.2;  -16.6;eor
       1975;20210131;    1;   6.5;   1.9;    1;   0.0;   7;    2.750;   6;   4.5;   3.8; 1002.67;   -5.0;   88.25;    0.8;  -11.4;  -17.4;eor
       1975;20210201;    1;   9.8;   3.5;    1;   0.0;   7;    0.000;   6;   7.4;   4.0;  996.61;   -3.5;   83.42;   -1.2;   -7.1;  -11.9;eor
       1975;20210202;    1;   5.7;   2.3;    1;   2.0;   8;    0.117;   6;   7.5;   5.2;  999.80;   -0.7;   89.75;    2.1;   -2.0;   -4.3;eor
       1975;20210203;    1;   9.3;   4.0;    1;  10.0;   8;    0.000;   5;   8.0;   6.0;  996.39;    0.4;   95.08;    1.2;   -0.7;   -0.9;eor
       1975;20210204;    1;   7.7;   3.6;    1;   0.2;   8;    0.000;   4;   7.7;   5.9; 1010.89;    1.1;   88.83;    1.9;    0.4;    0.0;eor
       1975;20210205;    1;  11.8;   5.7;    1;   0.0;   8;    0.000;   0;   7.8;   5.1; 1015.92;    0.6;   80.38;    1.5;   -0.5;   -0.7;eor
       1975;20210206;    1;  15.9;   7.9;    1;   0.0;   7;    0.000;   0;   7.0;   3.5; 1017.13;   -1.2;   62.25;    0.0;   -3.5;   -4.3;eor
       1975;20210207;    1;  19.4;  10.0;    1;   0.0;   0;    0.000;   0;   8.0;   2.5; 1010.58;   -3.9;   54.50;   -3.0;   -5.1;   -5.1;eor
       1975;20210208;    1;  19.7;   9.0;    1;   0.0;   7;    0.000;   0;   7.5;   2.9; 1004.55;   -2.9;   58.33;   -1.6;   -5.3;   -7.1;eor
       1975;20210209;    1;   6.7;   2.3;    1;   0.3;   7;    0.000;   1;   8.0;   3.6; 1006.28;   -4.7;   83.83;   -3.3;   -6.1;   -6.8;eor
       1975;20210210;    1;   9.8;   3.8;    1;   0.0;   7;    2.433;   6;   5.6;   3.6; 1012.56;   -3.8;   79.00;   -2.0;  -10.0;  -12.2;eor
       1975;20210211;    1;   6.5;   2.4;    1;   0.0;   7;    3.383;   5;   3.8;   3.0; 1027.45;   -6.3;   78.25;   -1.0;  -12.7;  -15.5;eor
       1975;20210212;    1;   7.7;   2.7;    1;   0.0;   0;    8.183;   4;   1.0;   2.6; 1036.06;   -7.3;   73.54;   -2.0;  -13.0;  -16.0;eor
       1975;20210213;    1;   3.6;   1.1;    1;   0.0;   0;    9.083;   3;   0.0;   2.7; 1040.06;   -7.8;   79.50;    0.5;  -14.4;  -16.6;eor
       1975;20210214;    1;   7.5;   2.8;    1;   0.0;   0;    9.217;   3;   3.3;   3.1; 1038.38;   -5.2;   75.13;    1.1;  -11.9;  -15.0;eor
       1975;20210215;    1;  11.7;   5.3;    1;   5.5;   8;    0.000;   3;   7.8;   3.8; 1024.54;   -1.7;   68.92;    0.9;   -4.8;   -6.5;eor
       1975;20210216;    1;   7.2;   2.5;    1;   0.5;   6;    0.000;   6;   7.9;   7.3; 1013.28;    2.6;   98.08;    5.5;    0.3;    0.0;eor
       1975;20210217;    1;  10.3;   4.2;    1;   2.1;   6;    0.217;   0;   7.8;   9.0; 1011.03;    6.6;   92.79;    8.3;    4.9;    3.9;eor
       1975;20210218;    1;  13.2;   5.1;    1;   2.3;   6;    3.700;   0;   7.5;   8.6; 1010.70;    7.7;   82.29;   11.0;    5.3;    3.5;eor
       1975;20210219;    1;  10.8;   4.4;    1;   0.0;   0;    5.383;   0;   5.5;   7.8; 1012.72;    6.3;   81.42;    9.3;    4.1;    1.4;eor
       1975;20210220;    1;   8.2;   4.0;    1;   0.0;   0;    5.767;   0;   5.8;   8.5; 1013.67;    8.6;   76.17;   15.0;    3.7;    0.9;eor
       1975;20210221;    1;   5.1;   2.3;    1;   0.0;   0;    9.400;   0;   2.7;   8.8; 1013.57;    9.4;   76.46;   17.4;    4.2;   -0.4;eor
       1975;20210222;    1;   6.2;   2.5;    1;   0.0;   0;    8.067;   0;   2.0;   7.9; 1017.60;   10.3;   65.21;   18.9;    2.0;   -2.5;eor
       1975;20210223;    1;  10.3;   3.3;    1;   0.0;   0;    1.950;   0;   6.0;   9.7; 1026.28;   11.7;   69.96;   17.2;    5.9;    1.1;eor
       1975;20210224;    1;  13.5;   4.9;    1;   0.0;   0;    9.117;   0;   6.0;  10.2; 1026.29;   13.3;   67.88;   18.5;    8.9;    3.3;eor
       1975;20210225;    1;  15.1;   3.8;    1;   0.2;   6;    6.167;   0;   4.1;  10.0; 1023.47;   11.1;   76.63;   17.2;    6.5;    2.5;eor
       1975;20210226;    1;  12.7;   4.6;    1;   0.0;   6;    6.533;   0;   5.5;   8.1; 1029.09;    6.2;   84.88;    9.4;    4.4;    3.1;eor
       1975;20210227;    1;   9.4;   3.9;    1;   0.0;   6;    0.000;   0;   6.7;   7.8; 1035.97;    5.1;   88.92;    8.3;    2.3;    0.5;eor
       1975;20210228;    1;   7.7;   3.0;    1;   0.0;   6;    0.250;   0;   7.8;   8.0; 1035.55;    4.5;   94.63;    8.0;    3.0;    3.1;eor
       1975;20210301;    1;   4.6;   1.7;    1;   0.2;   4;    5.617;   0;   4.5;   7.3; 1034.04;    3.8;   90.92;    8.7;   -1.9;   -3.9;eor
       1975;20210302;    1;   5.1;   1.6;    1;   0.0;   0;    7.450;   0;   1.3;   6.3; 1031.78;    3.7;   80.83;   12.7;   -3.5;   -5.5;eor
       1975;20210303;    1;  11.1;   3.6;    1;   0.0;   6;    6.733;   0;   4.7;   7.2; 1024.12;    5.1;   84.08;   14.2;   -1.5;   -3.0;eor
       1975;20210304;    1;   9.9;   4.1;    1;   0.0;   0;    0.000;   0;   6.8;   6.2; 1017.95;    3.0;   81.63;    6.0;   -3.0;   -5.0;eor
       1975;20210305;    1;   8.2;   2.8;    1;   0.0;   7;   10.417;   0;   0.3;   4.3; 1025.94;    0.7;   70.42;    6.6;   -5.3;   -9.1;eor
       1975;20210306;    1;  11.1;   3.9;    1;   0.0;   6;    1.100;   0;   6.1;   6.1; 1028.74;    2.7;   82.75;    7.1;   -3.7;   -7.8;eor
       1975;20210307;    1;  12.9;   4.9;    1;   0.9;   6;    0.033;   0;   6.9;   6.0; 1020.27;    3.4;   77.33;    5.5;   -1.8;   -3.7;eor
       1975;20210308;    1;   6.2;   2.0;    1;   0.0;   7;    9.500;   0;   4.3;   3.9; 1020.98;    0.9;   64.50;    6.6;   -6.9;   -9.3;eor
       1975;20210309;    1;   8.2;   3.0;    1;   0.0;   7;    0.000;   0;   8.0;   5.0; 1017.23;    1.9;   71.00;    3.7;   -0.4;   -1.1;eor
